5.01063830
5.15207661
5.18586446
5.18806597
5.17617250
5.15786871
5.13720028
5.11637404
5.09659808
5.07847274
5.06229497
5.04811653
5.03573250
5.02497763
5.01571195
5.00779736
5.00110266
4.99550994
4.99088628
4.98711289
4.98407245
4.98166088
4.97978479
4.97836110
4.97731299
4.97657542
4.97609344
4.97581801
4.97570907
4.97573162
4.97585703
4.97606373
4.97633122
4.97664236
4.97698281
4.97734135
4.97770902
4.97807830
4.97844367
4.97880068
4.97914590
4.97947747
4.97979371
4.98009359
4.98037649
4.98064248
4.98089184
4.98112494
4.98134217
4.98154448
4.98173245
4.98190689
4.98206846
4.98221771
4.98235533
4.98248222
4.98259900
4.98270620
4.98280456
4.98289470
4.98297729
4.98305296
4.98312227
4.98318571
4.98324367
4.98329657
4.98334487
4.98338894
4.98342912
4.98346567
4.98349892
4.98352911
4.98355629
4.98358058
4.98360216
4.98362132
4.98363817
4.98365289
4.98366568
4.98367661
4.98368580
4.98369347
4.98369987
4.98370520
4.98370965
4.98371335
4.98371644
4.98371902
4.98372117
4.98372296
4.98372446
4.98372570
4.98372674
4.98372761
4.98372833
4.98372893
4.98372943
4.98372985
4.98373020
4.98373049
4.98373073
4.98373094
4.98373111
4.98373125
4.98373136
4.98373146
4.98373154
4.98373161
4.98373167
4.98373171
4.98373175
4.98373179
4.98373181
4.98373184
4.98373186
4.98373187
4.98373188
4.98373190
4.98373191
4.98373191
4.98373192
4.98373192
4.98373193
4.98373193
4.98373194
4.98373194
4.98373194
4.98373194
4.98373194
4.98373195
4.98373195
4.98373195
4.98373195
4.98373195
4.98373195
4.98373195
4.98373195
4.98373195
4.98373195
4.98373195
4.98373195
4.98373195
4.98373195
4.98373195
4.98373195
4.98373195
4.98373195
4.98373195
4.98373195
4.98373195
4.98373195
4.98373195
4.98373195
4.98373195
4.98373195
4.98373195
4.98373195
4.98373195
4.98373195
4.98373195
4.98373195
4.98373195
4.98373195
4.98373195
4.98373195
4.98373195
4.98373195
4.98373195
4.98373195
4.98373195
4.98373195
4.98373195
4.98373195
4.98373195
4.98373195
4.98373195
4.98373195
4.98373195
4.98373195
4.98373195
4.98373195
4.98373195
4.98373195
4.98373195
4.98373195
4.98373195
4.98373195
4.98373195
4.98373195
4.98373195
4.98373195
4.98373195
4.98373195
4.98373195
4.98373195
4.98373195
4.98373195
4.98373195
4.98373195
4.98373195
4.98373195
4.98373195
4.98373195
4.98373195
4.98373195
4.98373195
4.98373195
4.98373195
4.98373195
4.98373195
4.98373195
4.98373195
4.98373195
4.98373195
4.98373195
4.98373195
4.98373195
4.98373195
4.98373195
4.98373195
4.98373195
4.98373195
4.98373195
4.98373195
4.98373195
4.98373195
4.98373195
4.98373195
4.98373195
4.98373195
4.98373195
4.98373195
4.98373195
4.98373195
4.98373195
4.98373195
4.98373195
4.98373195
4.98373195
4.98373195
4.98373195
4.98373195
4.98373195
4.98373195
4.98373195
4.98373195
4.98373195
4.98373195
4.98373195
4.98373195
4.98373195
4.98373195
4.98373195
4.98373195
4.98373195
4.98373195
4.98373195
4.98373195
4.98373195
4.98373195
4.98373195
4.98373195
4.98373195
4.98373195
4.98373195
4.98373195
4.98373195
4.98373195
4.98373195
4.98373195
4.98373195
4.98373195
4.98373195
4.98373195
4.98373195
4.98373195
4.98373195
4.98373195
4.98373195
4.98373195
4.98373195
4.98373195
4.98373195
4.98373195
4.98373195
4.98373195
4.98373195
4.98373195
4.98373195
4.98373195
4.98373195
4.98373195
4.98373195
4.98373195
4.98373195
4.98373195
4.98373195
4.98373195
4.98373195
4.98373195
4.98373195
4.98373195
4.98373195
4.98373195
4.98373195
4.98373195
4.98373195
4.98373195
4.98373195
4.98373195
4.98373195
4.98373195
4.98373195
4.98373195
4.98373195
4.98373195
4.98373195
4.98373195
4.98373195
4.98373195
4.98373195
4.98373195
4.98373195
4.98373195
4.98373195
4.98373195
4.98373195
4.98373195
4.98373195
4.98373195
4.98373195
4.98373195
4.98373195
4.98373195
4.98373195
4.98373195
4.98373195
4.98373195
4.98373195
4.98373195
4.98373195
4.98373195
4.98373195
4.98373195
4.98373195
4.98373195
4.98373195
4.98373195
4.98373195
4.98373195
4.98373195
4.98373195
4.98373195
4.98373195
4.98373195
4.98373195
4.98373195
4.98373195
4.98373195
4.98373195
4.98373195
4.98373195
4.98373195
4.98373195
4.98373195
4.98373195
4.98373195
4.98373195
4.98373195
4.98373195
4.98373195
4.98373195
4.98373195
4.98373195
4.98373195
4.98373195
4.98373195
4.98373195
4.98373195
4.98373195
4.98373195
4.98373195
4.98373195
4.98373195
4.98373195
4.98373195
4.98373195
4.98373195
4.98373195
4.98373195
4.98373195
4.98373195
4.98373195
4.98373195
4.98373195
4.98373195
4.98373195
4.98373195
4.98373195
4.98373195
4.98373195
4.98373195
4.98373195
4.98373195
4.98373195
4.98373195
4.98373195
4.98373195
4.98373195
4.98373195
4.98373195
4.98373195
4.98373195
4.98373195
4.98373195
4.98373195
4.98373195
4.98373195
4.98373195
4.98373195
4.98373195
4.98373195
4.98373195
4.98373195
4.98373195
4.98373195
4.98373195
4.98373195
4.98373195
4.98373195
4.98373195
4.98373195
4.98373195
4.98373195
4.98373195
4.98373195
4.98373195
4.98373195
4.98373195
4.98373195
4.98373195
4.98373195
4.98373195
4.98373195
4.98373195
4.98373195
4.98373195
4.98373195
4.98373195
4.98373195
4.98373195
4.98373195
4.98373195
4.98373195
4.98373195
4.98373195
4.98373195
4.98373195
4.98373195
4.98373195
4.98373195
4.98373195
4.98373195
4.98373195
4.98373195
4.98373195
4.98373195
4.98373195
4.98373195
4.98373195
4.98373195
4.98373195
4.98373195
4.98373195
4.98373195
4.98373195
4.98373195
4.98373195
4.98373195
4.98373195
4.98373195
4.98373195
4.98373195
4.98373195
4.98373195
4.98373195
4.98373195
4.98373195
4.98373195
4.98373195
4.98373195
4.98373195
4.98373195
4.98373195
4.98373195
4.98373195
4.98373195
4.98373195
4.98373195
4.98373195
4.98373195
4.98373195
4.98373195
4.98373195
4.98373195
4.98373195
4.98373195
4.98373195
4.98373195
4.98373195
4.98373195
4.98373195
4.98373195
4.98373195
4.98373195
4.98373195
4.98373195
4.98373195
4.98373195
4.98373195
4.98373195
4.98373195
4.98373195
4.98373195
4.98373195
4.98373195
4.98373195
4.98373195
4.98373195
4.98373195
4.98373195
4.98373195
4.98373195
4.98373195
4.98373195
4.98373195
4.98373195
4.98373195
4.98373195
4.98373195
4.98373195
4.98373195
4.98373195
4.98373195
4.98373195
4.98373195
4.98373195
4.98373195
4.98373195
4.98373195
4.98373195
4.98373195
4.98373195
4.98373195
4.98373195
4.98373195
4.98373195
4.98373195
4.98373195
4.98373195
4.98373195
4.98373195
4.98373195
4.98373195
4.98373195
4.98373195
4.98373195
4.98373195
4.98373195
4.98373195
4.98373195
4.98373195
4.98373195
4.98373195
4.98373195
4.98373195
4.98373195
4.98373195
4.98373195
4.98373195
4.98373195
4.98373195
4.98373195
4.98373195
4.98373195
4.98373195
4.98373195
4.98373195
4.98373195
4.98373195
4.98373195
4.98373195
4.98373195
4.98373195
4.98373195
4.98373195
4.98373195
4.98373195
4.98373195
4.98373195
4.98373195
4.98373195
4.98373195
4.98373195
4.98373195
4.98373195
4.98373195
4.98373195
4.98373195
4.98373195
4.98373195
4.98373195
4.98373195
4.98373195
4.98373195
4.98373195
4.98373195
4.98373195
4.98373195
4.98373195
4.98373195
4.98373195
4.98373195
4.98373195
4.98373195
4.98373195
4.98373195
4.98373195
4.98373195
4.98373195
4.98373195
4.98373195
4.98373195
4.98373195
4.98373195
4.98373195
4.98373195
4.98373195
4.98373195
4.98373195
4.98373195
4.98373195
4.98373195
4.98373195
4.98373195
4.98373195
4.98373195
4.98373195
4.98373195
4.98373195
4.98373195
4.98373195
4.98373195
4.98373195
4.98373195
4.98373195
4.98373195
4.98373195
4.98373195
4.98373195
4.98373195
4.98373195
4.98373195
4.98373195
4.98373195
4.98373195
4.98373195
4.98373195
4.98373195
4.98373195
4.98373195
4.98373195
4.98373195
4.98373195
4.98373195
4.98373195
4.98373195
4.98373195
4.98373195
4.98373195
4.98373195
4.98373195
4.98373195
4.98373195
4.98373195
4.98373195
4.98373195
4.98373195
4.98373195
4.98373195
4.98373195
4.98373195
4.98373195
4.98373195
4.98373195
4.98373195
4.98373195
4.98373195
4.98373195
4.98373195
4.98373195
4.98373195
4.98373195
4.98373195
4.98373195
4.98373195
4.98373195
4.98373195
4.98373195
4.98373195
4.98373195
4.98373195
4.98373195
4.98373195
4.98373195
4.98373195
4.98373195
4.98373195
4.98373195
4.98373195
4.98373195
4.98373195
4.98373195
4.98373195
4.98373195
4.98373195
4.98373195
4.98373195
4.98373195
4.98373195
4.98373195
4.98373195
4.98373195
4.98373195
4.98373195
4.98373195
4.98373195
4.98373195
4.98373195
4.98373195
4.98373195
4.98373195
4.98373195
4.98373195
4.98373195
4.98373195
4.98373195
4.98373195
4.98373195
4.98373195
4.98373195
4.98373195
4.98373195
4.98373195
4.98373195
4.98373195
4.98373195
4.98373195
4.98373195
4.98373195
4.98373195
4.98373195
4.98373195
4.98373195
4.98373195
4.98373195
4.98373195
4.98373195
4.98373195
4.98373195
4.98373195
4.98373195
4.98373195
4.98373195
4.98373195
4.98373195
4.98373195
4.98373195
4.98373195
4.98373195
4.98373195
4.98373195
4.98373195
4.98373195
4.98373195
4.98373195
4.98373195
4.98373195
4.98373195
4.98373195
4.98373195
4.98373195
4.98373195
4.98373195
4.98373195
4.98373195
4.98373195
4.98373195
4.98373195
4.98373195
4.98373195
4.98373195
4.98373195
4.98373195
4.98373195
4.98373195
4.98373195
4.98373195
4.98373195
4.98373195
4.98373195
4.98373195
4.98373195
4.98373195
4.98373195
4.98373195
4.98373195
4.98373195
4.98373195
4.98373195
4.98373195
4.98373195
4.98373195
4.98373195
4.98373195
4.98373195
4.98373195
4.98373195
4.98373195
4.98373195
4.98373195
4.98373195
4.98373195
4.98373195
4.98373195
4.98373195
4.98373195
4.98373195
4.98373195
4.98373195
4.98373195
4.98373195
4.98373195
4.98373195
4.98373195
4.98373195
4.98373195
4.98373195
4.98373195
4.98373195
4.98373195
4.98373195
4.98373195
4.98373195
4.98373195
4.98373195
4.98373195
4.98373195
4.98373195
4.98373195
4.98373195
4.98373195
4.98373195
4.98373195
4.98373195
4.98373195
4.98373195
4.98373195
4.98373195
4.98373195
4.98373195
4.98373195
4.98373195
4.98373195
4.98373195
4.98373195
4.98373195
4.98373195
4.98373195
4.98373195
4.98373195
4.98373195
4.98373195
4.98373195
4.98373195
4.98373195
4.98373195
4.98373195
4.98373195
4.98373195
4.98373195
4.98373195
4.98373195
4.98373195
4.98373195
4.98373195
4.98373195
4.98373195
4.98373195
4.98373195
4.98373195
4.98373195
4.98373195
4.98373195
4.98373195
4.98373195
4.98373195
4.98373195
4.98373195
4.98373195
4.98373195
4.98373195
4.98373195
4.98373195
4.98373195
4.98373195
4.98373195
4.98373195
4.98373195
4.98373195
4.98373195
4.98373195
4.98373195
4.98373195
4.98373195
4.98373195
4.98373195
4.98373195
4.98373195
4.98373195
4.98373195
4.98373195
4.98373195
4.98373195
4.98373195
4.98373195
4.98373195
4.98373195
4.98373195
4.98373195
4.98373195
4.98373195
4.98373195
4.98373195
4.98373195
4.98373195
4.98373195
4.98373195
4.98373195
4.98373195
4.98373195
4.98373195
4.98373195
4.98373195
4.98373195
4.98373195
4.98373195
4.98373195
4.98373195
4.98373195
4.98373195
4.98373195
4.98373195
4.98373195
4.98373195
4.98373195
4.98373195
4.98373195
4.98373195
4.98373195
4.98373195
4.98373195
4.98373195
4.98373195
4.98373195
4.98373195
4.98373195
4.98373195
4.98373195
4.98373195
4.98373195
4.98373195
4.98373195
4.98373195
4.98373195
4.98373195
4.98373195
4.98373195
4.98373195
4.98373195
4.98373195
4.98373195
4.98373195
4.98373195
4.98373195
4.98373195
4.98373195
4.98373195
4.98373195
4.98373195
