5.01063830
5.15207661
5.18586446
5.18898435
5.17812073
5.15995856
5.13829128
5.11550564
5.09300614
5.07144410
5.05126143
5.03284779
5.01603276
5.00039012
4.98576326
4.97173763
4.95824839
4.94551857
4.93341795
4.92192649
4.91088228
4.90019329
4.88994365
4.87985648
4.86974306
4.85977153
4.85002475
4.84004117
4.82993062
4.81976696
4.80954666
4.79967757
4.79024403
4.78130967
4.77277623
4.76450111
4.75642257
4.74848595
4.74087123
4.73340964
4.72608217
4.71913633
4.71218815
4.70563613
4.69925020
4.69331319
4.68760889
4.68225382
4.67728838
4.67301441
4.66927405
4.66616574
4.66362382
4.66119117
4.65873112
4.65637591
4.65398570
4.65144693
4.64932989
4.64751337
4.64644927
4.64605713
4.64612642
4.64639429
4.64689211
4.64758473
4.64834977
4.64945167
4.65073467
4.65161436
4.65213034
4.65236128
4.65253299
4.65258058
4.65252142
4.65221696
4.65161622
4.65083743
4.65016539
4.64975081
4.64933156
4.64847941
4.64721066
4.64560572
4.64353772
4.64117075
4.63881133
4.63637529
4.63407623
4.63206901
4.62993164
4.62765450
4.62544528
4.62295726
4.62037085
4.61773695
4.61485172
4.61203555
4.60908449
4.60599642
4.60297776
4.60009761
4.59712654
4.59397482
4.59058688
4.58691138
4.58254666
4.57781054
4.57286369
4.56816787
4.56344357
4.55883887
4.55439132
4.55013166
4.54622173
4.54236544
4.53857147
4.53506724
4.53201113
4.52944862
4.52706817
4.52502774
4.52313244
4.52131296
4.51980993
4.51870082
4.51804784
4.51796815
4.51825935
4.51924654
4.52033445
4.52153312
4.52281168
4.52396831
4.52462802
4.52468385
4.52474434
4.52517331
4.52594554
4.52679910
4.52770651
4.52835581
4.52879440
4.52890463
4.52877838
4.52836228
4.52787996
4.52697833
4.52557864
4.52360118
4.52131150
4.51874972
4.51624179
4.51374618
4.51165978
4.51035891
4.50958605
4.50947807
4.51022037
4.51140070
4.51279239
4.51384160
4.51473316
4.51518792
4.51515574
4.51463488
4.51360839
4.51213530
4.51047585
4.50870763
4.50718739
4.50600908
4.50538325
4.50527718
4.50573529
4.50634808
4.50674723
4.50731624
4.50809078
4.50898159
4.51037410
4.51240072
4.51474355
4.51717478
4.51959307
4.52174087
4.52366348
4.52530640
4.52688196
4.52832124
4.52985530
4.53177542
4.53418660
4.53642335
4.53841776
4.54008526
4.54148874
4.54260139
4.54358920
4.54435276
4.54464225
4.54473296
4.54449932
4.54406716
4.54344990
4.54283244
4.54232659
4.54222745
4.54236734
4.54267213
4.54282796
4.54298263
4.54332108
4.54417523
4.54570649
4.54740029
4.54905713
4.55076292
4.55243508
4.55425932
4.55630246
4.55866316
4.56102370
4.56362359
4.56608641
4.56844909
4.57072921
4.57292647
4.57515787
4.57705773
4.57870685
4.58012626
4.58162371
4.58323094
4.58454728
4.58548054
4.58617448
4.58657888
4.58648916
4.58573502
4.58467443
4.58314361
4.58162425
4.58024539
4.57891761
4.57749471
4.57584220
4.57407153
4.57186135
4.56932329
4.56660198
4.56393179
4.56168498
4.55957404
4.55769020
4.55610443
4.55494233
4.55448536
4.55422667
4.55428741
4.55456601
4.55532073
4.55633108
4.55738974
4.55831119
4.55972248
4.56135000
4.56275805
4.56415297
4.56569990
4.56734637
4.56884399
4.56990747
4.57096919
4.57184982
4.57230440
4.57201694
4.57114005
4.56999622
4.56866843
4.56695144
4.56494685
4.56305280
4.56116875
4.55947908
4.55796312
4.55655098
4.55560393
4.55491191
4.55453489
4.55422552
4.55416745
4.55446063
4.55480072
4.55509301
4.55523576
4.55506995
4.55458384
4.55392935
4.55319271
4.55271669
4.55248237
4.55266873
4.55309188
4.55339083
4.55341408
4.55340094
4.55327049
4.55339277
4.55385610
4.55477873
4.55572050
4.55665880
4.55774474
4.55885615
4.56024561
4.56189310
4.56364587
4.56533693
4.56678046
4.56770662
4.56812246
4.56821100
4.56793420
4.56742169
4.56687356
4.56636875
4.56576207
4.56516086
4.56482682
4.56465396
4.56420081
4.56356374
4.56273655
4.56216039
4.56145210
4.56062334
4.55973156
4.55855229
4.55735893
4.55598080
4.55456515
4.55296816
4.55129239
4.54937630
4.54737808
4.54529787
4.54364887
4.54251836
4.54172358
4.54100495
4.54050898
4.54036037
4.54041947
4.54053049
4.54051911
4.54019374
4.53962761
4.53916123
4.53856484
4.53803829
4.53776858
4.53744029
4.53687351
4.53604653
4.53515597
4.53426747
4.53332248
4.53237246
4.53166024
4.53109115
4.53069179
4.53088258
4.53123320
4.53184442
4.53269918
4.53398160
4.53547961
4.53714279
4.53897007
4.54085695
4.54271629
4.54483218
4.54676267
4.54848955
4.54992329
4.55099096
4.55190496
4.55233132
4.55227536
4.55172634
4.55045296
4.54856904
4.54634777
4.54408709
4.54188852
4.53960931
4.53744641
4.53554090
4.53355760
4.53153713
4.52975899
4.52838914
4.52761748
4.52717359
4.52676268
4.52633066
4.52556004
4.52461416
4.52370238
4.52249479
4.52156563
4.52087928
4.52031969
4.51956072
4.51853868
4.51759541
4.51734837
4.51774425
4.51884013
4.52059219
4.52323801
4.52668944
4.53045339
4.53408633
4.53775279
4.54146338
4.54544407
4.54983263
4.55410647
4.55805525
4.56181675
4.56505781
4.56763679
4.56963009
4.57112743
4.57223530
4.57313866
4.57408164
4.57493480
4.57531150
4.57534405
4.57510242
4.57509495
4.57494512
4.57479047
4.57466019
4.57455532
4.57457356
4.57424804
4.57385440
4.57326808
4.57264748
4.57200489
4.57111827
4.57013405
4.56887547
4.56727149
4.56524884
4.56283345
4.56022805
4.55735902
4.55425842
4.55112108
4.54785142
4.54495448
4.54232804
4.53943662
4.53656276
4.53386038
4.53141740
4.52932565
4.52762637
4.52626585
4.52505044
4.52411249
4.52314953
4.52227945
4.52158451
4.52092443
4.52047167
4.52036362
4.52008560
4.51966664
4.51908334
4.51855221
4.51806132
4.51759328
4.51721344
4.51661548
4.51563439
4.51491441
4.51450153
4.51447699
4.51501205
4.51608994
4.51758539
4.51925741
4.52132957
4.52357905
4.52606975
4.52879375
4.53141376
4.53387246
4.53593016
4.53778046
4.53971271
4.54157155
4.54358811
4.54585348
4.54857186
4.55137952
4.55399935
4.55645719
4.55906095
4.56133477
4.56327406
4.56499912
4.56643064
4.56762120
4.56853494
4.56884705
4.56888478
4.56863223
4.56853088
4.56869657
4.56942990
4.57047555
4.57164877
4.57334730
4.57541667
4.57744369
4.57921284
4.58057427
4.58144248
4.58200834
4.58214887
4.58194561
4.58141894
4.58081632
4.58006235
4.57935117
4.57891156
4.57859879
4.57841051
4.57807763
4.57728413
4.57617538
4.57445809
4.57206756
4.56935491
4.56637052
4.56363334
4.56147431
4.55985136
4.55835737
4.55672036
4.55469453
4.55243213
4.54990048
4.54763776
4.54557047
4.54371752
4.54212308
4.54066698
4.53939353
4.53821008
4.53730788
4.53654638
4.53607305
4.53557633
4.53512888
4.53488889
4.53444881
4.53407800
4.53401162
4.53414609
4.53467885
4.53556237
4.53696236
4.53878045
4.54074586
4.54295967
4.54540695
4.54784553
4.55049304
4.55316407
4.55589019
4.55853616
4.56096810
4.56295516
4.56484708
4.56620799
4.56721329
4.56781789
4.56787720
4.56762778
4.56710580
4.56642821
4.56578451
4.56556597
4.56559582
4.56619357
4.56727306
4.56818994
4.56901826
4.56964026
4.57000234
4.57009637
4.56996010
4.56960934
4.56918403
4.56839501
4.56744313
4.56610257
4.56450740
4.56274828
4.56083763
4.55863409
4.55632980
4.55395976
4.55165852
4.54931143
4.54695523
4.54497133
4.54285455
4.54064125
4.53811726
4.53513066
4.53202102
4.52887648
4.52585059
4.52304994
4.52027090
4.51784573
4.51563970
4.51367028
4.51208537
4.51074442
4.50989774
4.50929674
4.50908410
4.50958052
4.51064908
4.51197362
4.51358051
4.51545115
4.51761500
4.51976903
4.52173940
4.52365994
4.52525329
4.52647969
4.52744769
4.52786218
4.52802222
4.52837379
4.52867437
4.52915460
4.52931319
4.52920297
4.52901726
4.52886069
4.52876742
4.52853341
4.52831465
4.52796002
4.52758124
4.52706726
4.52660948
4.52618096
4.52576414
4.52551300
4.52551488
4.52574087
4.52618532
4.52678145
4.52769945
4.52894557
4.53033002
4.53176240
4.53314721
4.53449743
4.53585867
4.53702739
4.53782363
4.53820842
4.53825845
4.53812503
4.53796205
4.53805484
4.53824519
4.53899984
4.54017908
4.54177189
4.54382456
4.54618509
4.54861880
4.55095403
4.55342871
4.55593899
4.55826725
4.56064833
4.56289468
4.56483166
4.56609066
4.56666768
4.56706143
4.56772609
4.56837803
4.56904390
4.56957168
4.56983836
4.57008325
4.57043174
4.57075776
4.57121194
4.57197548
4.57306522
4.57415944
4.57502509
4.57549579
4.57551546
4.57519675
4.57450994
4.57343628
4.57232809
4.57137251
4.57024959
4.56941191
4.56853855
4.56773945
4.56682805
4.56624864
4.56589658
4.56520837
4.56417737
4.56298146
4.56166520
4.56024090
4.55902731
4.55845077
4.55834325
4.55848169
4.55882569
4.55911991
4.55937592
4.55983761
4.56040776
4.56088433
4.56097493
4.56067158
4.55986707
4.55894353
4.55737455
4.55568089
4.55427795
4.55319000
4.55209661
4.55119938
4.55089941
4.55082164
4.55116395
4.55150319
4.55200900
4.55255968
4.55302463
4.55347646
4.55390665
4.55416797
4.55432700
4.55411396
4.55375941
4.55302968
4.55201044
4.55091189
4.54990143
4.54906077
4.54876674
4.54892838
4.54934067
4.54954740
4.54969824
4.54980927
4.55004836
4.55031930
4.55074089
4.55093809
4.55112465
4.55115487
4.55122720
4.55155005
4.55211330
4.55255849
4.55261978
4.55214608
4.55116458
4.54997958
4.54862568
4.54731394
4.54583516
4.54438817
4.54299438
4.54163904
4.54016021
4.53897859
4.53814080
4.53758076
4.53708631
4.53650653
4.53640875
4.53642711
4.53655444
4.53663311
4.53662857
4.53692783
4.53717109
4.53738729
4.53743819
4.53736031
4.53695226
4.53636371
4.53576150
4.53531854
4.53490748
4.53437806
4.53394893
4.53372875
4.53357930
4.53342800
4.53339789
4.53345761
4.53341382
4.53351462
4.53370366
4.53424571
4.53502029
4.53621865
4.53736645
4.53879504
4.54085591
4.54352989
4.54686927
4.55080745
4.55519794
4.55951530
4.56367003
4.56742776
4.57072162
4.57365329
4.57586452
4.57757095
4.57889991
4.58031516
4.58122456
4.58123358
4.58063172
4.57970936
4.57837837
4.57686156
4.57529428
4.57351032
4.57173259
4.56966460
4.56730892
4.56484529
4.56222882
4.55959435
4.55679807
4.55405371
4.55122028
4.54793610
4.54466965
4.54174934
4.53973827
4.53836421
4.53723359
4.53653886
4.53587507
4.53549495
4.53533182
4.53514005
4.53510102
4.53557014
4.53629649
4.53751322
4.53903130
4.54081012
4.54285492
4.54523993
4.54803541
4.55127577
4.55452921
4.55786002
4.56096729
4.56385564
4.56660251
4.56892484
4.57055228
4.57180357
4.57262621
4.57297914
4.57278677
4.57190366
4.57059633
4.56910969
4.56764211
4.56617537
4.56480716
4.56315986
4.56155315
4.56000345
4.55864461
4.55770892
4.55698632
4.55680970
4.55703801
4.55761055
4.55849039
4.55924001
4.56002749
4.56064668
4.56101625
4.56094877
4.56063165
4.56023966
4.55967498
4.55914466
4.55818714
4.55689641
4.55515593
4.55351432
4.55199425
4.55063185
4.54920270
4.54770445
4.54644339
4.54577625
4.54526256
4.54507541
4.54510162
4.54521514
4.54552686
4.54603659
4.54655949
4.54683573
4.54713671
4.54745654
4.54788866
4.54875653
4.54963597
4.55062345
4.55185432
4.55328832
4.55477822
4.55623792
4.55777715
4.55937241
4.56098210
4.56248558
4.56377429
4.56461992
4.56501922
4.56498379
4.56479591
4.56463337
4.56458415
4.56484844
4.56501102
4.56504868
4.56484161
4.56452009
4.56406301
4.56332275
4.56227434
4.56101163
4.55941810
4.55800152
4.55653170
4.55506303
4.55331725
4.55122847
4.54897296
4.54682875
4.54484177
4.54310843
4.54149445
4.53970206
4.53812259
4.53670890
4.53497405
4.53314758
4.53112438
4.52912034
4.52759010
4.52639144
4.52523534
4.52428029
4.52360779
4.52340319
