5.31000000
5.40423182
5.40064049
5.37079802
5.33058665
5.28709856
5.24406337
5.20350501
5.16648014
5.13346069
5.10455597
5.07965092
5.05849621
5.04076831
5.02611001
5.01415729
5.00455683
4.99697683
4.99111309
4.98669187
4.98347046
4.98123409
4.97979590
4.97899768
4.97870317
4.97879624
4.97918335
4.97978884
4.98055004
4.98141715
4.98234793
4.98330915
4.98427544
4.98522814
4.98615143
4.98703477
4.98787099
4.98865616
4.98938751
4.99006500
4.99068945
4.99126165
4.99178371
4.99225863
4.99268946
4.99307923
4.99343101
4.99374767
4.99403194
4.99428675
4.99451439
4.99471742
4.99489809
4.99505822
4.99519959
4.99532375
4.99543218
4.99552600
4.99560641
4.99567507
4.99573303
4.99578145
4.99582183
4.99585548
4.99588355
4.99590694
4.99592645
4.99594271
4.99595627
4.99596758
4.99597700
4.99598486
4.99599141
4.99599688
4.99600143
4.99600523
4.99600839
4.99601103
4.99601324
4.99601507
4.99601660
4.99601788
4.99601894
4.99601983
4.99602057
4.99602118
4.99602170
4.99602213
4.99602248
4.99602278
4.99602303
4.99602324
4.99602341
4.99602355
4.99602367
4.99602377
4.99602386
4.99602393
4.99602399
4.99602403
4.99602407
4.99602411
4.99602414
4.99602416
4.99602418
4.99602420
4.99602421
4.99602422
4.99602423
4.99602424
4.99602424
4.99602425
4.99602425
4.99602426
4.99602426
4.99602426
4.99602427
4.99602427
4.99602427
4.99602427
4.99602427
4.99602427
4.99602427
4.99602427
4.99602427
4.99602428
4.99602428
4.99602428
4.99602428
4.99602428
4.99602428
4.99602428
4.99602428
4.99602428
4.99602428
4.99602428
4.99602428
4.99602428
4.99602428
4.99602428
4.99602428
4.99602428
4.99602428
4.99602428
4.99602428
4.99602428
4.99602428
4.99602428
4.99602428
4.99602428
4.99602428
4.99602428
4.99602428
4.99602428
4.99602428
4.99602428
4.99602428
4.99602428
4.99602428
4.99602428
4.99602428
4.99602428
4.99602428
4.99602428
4.99602428
4.99602428
4.99602428
4.99602428
4.99602428
4.99602428
4.99602428
4.99602428
4.99602428
4.99602428
4.99602428
4.99602428
4.99602428
4.99602428
4.99602428
4.99602428
4.99602428
4.99602428
4.99602428
4.99602428
4.99602428
4.99602428
4.99602428
4.99602428
4.99602428
4.99602428
4.99602428
4.99602428
4.99602428
4.99602428
4.99602428
4.99602428
4.99602428
4.99602428
4.99602428
4.99602428
4.99602428
4.99602428
4.99602428
4.99602428
4.99602428
4.99602428
4.99602428
4.99602428
4.99602428
4.99602428
4.99602428
4.99602428
4.99602428
4.99602428
4.99602428
4.99602428
4.99602428
4.99602428
4.99602428
4.99602428
4.99602428
4.99602428
4.99602428
4.99602428
4.99602428
4.99602428
4.99602428
4.99602428
4.99602428
4.99602428
4.99602428
4.99602428
4.99602428
4.99602428
4.99602428
4.99602428
4.99602428
4.99602428
4.99602428
4.99602428
4.99602428
4.99602428
4.99602428
4.99602428
4.99602428
4.99602428
4.99602428
4.99602428
4.99602428
4.99602428
4.99602428
4.99602428
4.99602428
4.99602428
4.99602428
4.99602428
4.99602428
4.99602428
4.99602428
4.99602428
4.99602428
4.99602428
4.99602428
4.99602428
4.99602428
4.99602428
4.99602428
4.99602428
4.99602428
4.99602428
4.99602428
4.99602428
4.99602428
4.99602428
4.99602428
4.99602428
4.99602428
4.99602428
4.99602428
4.99602428
4.99602428
4.99602428
4.99602428
4.99602428
4.99602428
4.99602428
4.99602428
4.99602428
4.99602428
4.99602428
4.99602428
4.99602428
4.99602428
4.99602428
4.99602428
4.99602428
4.99602428
4.99602428
4.99602428
4.99602428
4.99602428
4.99602428
4.99602428
4.99602428
4.99602428
4.99602428
4.99602428
4.99602428
4.99602428
4.99602428
4.99602428
4.99602428
4.99602428
4.99602428
4.99602428
4.99602428
4.99602428
4.99602428
4.99602428
4.99602428
4.99602428
4.99602428
4.99602428
4.99602428
4.99602428
4.99602428
4.99602428
4.99602428
4.99602428
4.99602428
4.99602428
4.99602428
4.99602428
4.99602428
4.99602428
4.99602428
4.99602428
4.99602428
4.99602428
4.99602428
4.99602428
4.99602428
4.99602428
4.99602428
4.99602428
4.99602428
4.99602428
4.99602428
4.99602428
4.99602428
4.99602428
4.99602428
4.99602428
4.99602428
4.99602428
4.99602428
4.99602428
4.99602428
4.99602428
4.99602428
4.99602428
4.99602428
4.99602428
4.99602428
4.99602428
4.99602428
4.99602428
4.99602428
4.99602428
4.99602428
4.99602428
4.99602428
4.99602428
4.99602428
4.99602428
4.99602428
4.99602428
4.99602428
4.99602428
4.99602428
4.99602428
4.99602428
4.99602428
4.99602428
4.99602428
4.99602428
4.99602428
4.99602428
4.99602428
4.99602428
4.99602428
4.99602428
4.99602428
4.99602428
4.99602428
4.99602428
4.99602428
4.99602428
4.99602428
4.99602428
4.99602428
4.99602428
4.99602428
4.99602428
4.99602428
4.99602428
4.99602428
4.99602428
4.99602428
4.99602428
4.99602428
4.99602428
4.99602428
4.99602428
4.99602428
4.99602428
4.99602428
4.99602428
4.99602428
4.99602428
4.99602428
4.99602428
4.99602428
4.99602428
4.99602428
4.99602428
4.99602428
4.99602428
4.99602428
4.99602428
4.99602428
4.99602428
4.99602428
4.99602428
4.99602428
4.99602428
4.99602428
4.99602428
4.99602428
4.99602428
4.99602428
4.99602428
4.99602428
4.99602428
4.99602428
4.99602428
4.99602428
4.99602428
4.99602428
4.99602428
4.99602428
4.99602428
4.99602428
4.99602428
4.99602428
4.99602428
4.99602428
4.99602428
4.99602428
4.99602428
4.99602428
4.99602428
4.99602428
4.99602428
4.99602428
4.99602428
4.99602428
4.99602428
4.99602428
4.99602428
4.99602428
4.99602428
4.99602428
4.99602428
4.99602428
4.99602428
4.99602428
4.99602428
4.99602428
4.99602428
4.99602428
4.99602428
4.99602428
4.99602428
4.99602428
4.99602428
4.99602428
4.99602428
4.99602428
4.99602428
4.99602428
4.99602428
4.99602428
4.99602428
4.99602428
4.99602428
4.99602428
4.99602428
4.99602428
4.99602428
4.99602428
4.99602428
4.99602428
4.99602428
4.99602428
4.99602428
4.99602428
4.99602428
4.99602428
4.99602428
4.99602428
4.99602428
4.99602428
4.99602428
4.99602428
4.99602428
4.99602428
4.99602428
4.99602428
4.99602428
4.99602428
4.99602428
4.99602428
4.99602428
4.99602428
4.99602428
4.99602428
4.99602428
4.99602428
4.99602428
4.99602428
4.99602428
4.99602428
4.99602428
4.99602428
4.99602428
4.99602428
4.99602428
4.99602428
4.99602428
4.99602428
4.99602428
4.99602428
4.99602428
4.99602428
4.99602428
4.99602428
4.99602428
4.99602428
4.99602428
4.99602428
4.99602428
4.99602428
4.99602428
4.99602428
4.99602428
4.99602428
4.99602428
4.99602428
4.99602428
4.99602428
4.99602428
4.99602428
4.99602428
4.99602428
4.99602428
4.99602428
4.99602428
4.99602428
4.99602428
4.99602428
4.99602428
4.99602428
4.99602428
4.99602428
4.99602428
4.99602428
4.99602428
4.99602428
4.99602428
4.99602428
4.99602428
4.99602428
4.99602428
4.99602428
4.99602428
4.99602428
4.99602428
4.99602428
4.99602428
4.99602428
4.99602428
4.99602428
4.99602428
4.99602428
4.99602428
4.99602428
4.99602428
4.99602428
4.99602428
4.99602428
4.99602428
4.99602428
4.99602428
4.99602428
4.99602428
4.99602428
4.99602428
4.99602428
4.99602428
4.99602428
4.99602428
4.99602428
4.99602428
4.99602428
4.99602428
4.99602428
4.99602428
4.99602428
4.99602428
4.99602428
4.99602428
4.99602428
4.99602428
4.99602428
4.99602428
4.99602428
4.99602428
4.99602428
4.99602428
4.99602428
4.99602428
4.99602428
4.99602428
4.99602428
4.99602428
4.99602428
4.99602428
4.99602428
4.99602428
4.99602428
4.99602428
4.99602428
4.99602428
4.99602428
4.99602428
4.99602428
4.99602428
4.99602428
4.99602428
4.99602428
4.99602428
4.99602428
4.99602428
4.99602428
4.99602428
4.99602428
4.99602428
4.99602428
4.99602428
4.99602428
4.99602428
4.99602428
4.99602428
4.99602428
4.99602428
4.99602428
4.99602428
4.99602428
4.99602428
4.99602428
4.99602428
4.99602428
4.99602428
4.99602428
4.99602428
4.99602428
4.99602428
4.99602428
4.99602428
4.99602428
4.99602428
4.99602428
4.99602428
4.99602428
4.99602428
4.99602428
4.99602428
4.99602428
4.99602428
4.99602428
4.99602428
4.99602428
4.99602428
4.99602428
4.99602428
4.99602428
4.99602428
4.99602428
4.99602428
4.99602428
4.99602428
4.99602428
4.99602428
4.99602428
4.99602428
4.99602428
4.99602428
4.99602428
4.99602428
4.99602428
4.99602428
4.99602428
4.99602428
4.99602428
4.99602428
4.99602428
4.99602428
4.99602428
4.99602428
4.99602428
4.99602428
4.99602428
4.99602428
4.99602428
4.99602428
4.99602428
4.99602428
4.99602428
4.99602428
4.99602428
4.99602428
4.99602428
4.99602428
4.99602428
4.99602428
4.99602428
4.99602428
4.99602428
4.99602428
4.99602428
4.99602428
4.99602428
4.99602428
4.99602428
4.99602428
4.99602428
4.99602428
4.99602428
4.99602428
4.99602428
4.99602428
4.99602428
4.99602428
4.99602428
4.99602428
4.99602428
4.99602428
4.99602428
4.99602428
4.99602428
4.99602428
4.99602428
4.99602428
4.99602428
4.99602428
4.99602428
4.99602428
4.99602428
4.99602428
4.99602428
4.99602428
4.99602428
4.99602428
4.99602428
4.99602428
4.99602428
4.99602428
4.99602428
4.99602428
4.99602428
4.99602428
4.99602428
4.99602428
4.99602428
4.99602428
4.99602428
4.99602428
4.99602428
4.99602428
4.99602428
4.99602428
4.99602428
4.99602428
4.99602428
4.99602428
4.99602428
4.99602428
4.99602428
4.99602428
4.99602428
4.99602428
4.99602428
4.99602428
4.99602428
4.99602428
4.99602428
4.99602428
4.99602428
4.99602428
4.99602428
4.99602428
4.99602428
4.99602428
4.99602428
4.99602428
4.99602428
4.99602428
4.99602428
4.99602428
4.99602428
4.99602428
4.99602428
4.99602428
4.99602428
4.99602428
4.99602428
4.99602428
4.99602428
4.99602428
4.99602428
4.99602428
4.99602428
4.99602428
4.99602428
4.99602428
4.99602428
4.99602428
4.99602428
4.99602428
4.99602428
4.99602428
4.99602428
4.99602428
4.99602428
4.99602428
4.99602428
4.99602428
4.99602428
4.99602428
4.99602428
4.99602428
4.99602428
4.99602428
4.99602428
4.99602428
4.99602428
4.99602428
4.99602428
4.99602428
4.99602428
4.99602428
4.99602428
4.99602428
4.99602428
4.99602428
4.99602428
4.99602428
4.99602428
4.99602428
4.99602428
4.99602428
4.99602428
4.99602428
4.99602428
4.99602428
4.99602428
4.99602428
4.99602428
4.99602428
4.99602428
4.99602428
4.99602428
4.99602428
4.99602428
4.99602428
4.99602428
4.99602428
4.99602428
4.99602428
4.99602428
4.99602428
4.99602428
4.99602428
4.99602428
4.99602428
4.99602428
4.99602428
4.99602428
4.99602428
4.99602428
4.99602428
4.99602428
4.99602428
4.99602428
4.99602428
4.99602428
4.99602428
4.99602428
4.99602428
4.99602428
4.99602428
4.99602428
4.99602428
4.99602428
4.99602428
4.99602428
4.99602428
4.99602428
4.99602428
4.99602428
4.99602428
4.99602428
4.99602428
4.99602428
4.99602428
4.99602428
4.99602428
4.99602428
4.99602428
4.99602428
4.99602428
4.99602428
4.99602428
4.99602428
4.99602428
4.99602428
4.99602428
4.99602428
4.99602428
4.99602428
4.99602428
4.99602428
4.99602428
4.99602428
4.99602428
4.99602428
4.99602428
4.99602428
4.99602428
4.99602428
4.99602428
4.99602428
4.99602428
4.99602428
4.99602428
4.99602428
4.99602428
4.99602428
4.99602428
4.99602428
4.99602428
4.99602428
4.99602428
4.99602428
4.99602428
4.99602428
4.99602428
4.99602428
4.99602428
4.99602428
4.99602428
4.99602428
4.99602428
4.99602428
4.99602428
4.99602428
4.99602428
4.99602428
4.99602428
4.99602428
4.99602428
4.99602428
4.99602428
4.99602428
4.99602428
4.99602428
4.99602428
4.99602428
4.99602428
4.99602428
4.99602428
4.99602428
4.99602428
4.99602428
4.99602428
4.99602428
4.99602428
4.99602428
4.99602428
