5.34042553
5.47492415
5.46749212
5.43211613
5.38591772
5.33579045
5.28537064
5.23668551
5.19070251
5.14811753
5.10893247
5.07306469
5.04058173
5.01145932
4.98555430
4.96226972
4.94134809
4.92217570
4.90478664
4.88901379
4.87527543
4.86273674
4.85103439
4.84018528
4.83005588
4.82016562
4.81037414
4.80062634
4.79124174
4.78240702
4.77408167
4.76616439
4.75865474
4.75160248
4.74510132
4.73909718
4.73322485
4.72757579
4.72216029
4.71702534
4.71230930
4.70808109
4.70402831
4.70018714
4.69678028
4.69323914
4.68987547
4.68655395
4.68354900
4.68069815
4.67780808
4.67498386
4.67220350
4.66934170
4.66640573
4.66337836
4.66031172
4.65760277
4.65535106
4.65350603
4.65243053
4.65176637
4.65102016
4.65033474
4.65000158
4.64973764
4.64926101
4.64865344
4.64776369
4.64656229
4.64516803
4.64344129
4.64124677
4.63875500
4.63582394
4.63276939
4.62959042
4.62638116
4.62308006
4.61973119
4.61625911
4.61289445
4.60939468
4.60559129
4.60155954
4.59725463
4.59252145
4.58808855
4.58428571
4.58114848
4.57841111
4.57597347
4.57352989
4.57114044
4.56886515
4.56648291
4.56436703
4.56243883
4.56067394
4.55890032
4.55717067
4.55538432
4.55404452
4.55306186
4.55238935
4.55182939
4.55155734
4.55166218
4.55202893
4.55262834
4.55304356
4.55329277
4.55323206
4.55300358
4.55259242
4.55195956
4.55126192
4.55071283
4.55007478
4.54939756
4.54884584
4.54868831
4.54896467
4.54956056
4.55076806
4.55220799
4.55382141
4.55557214
4.55719666
4.55880731
4.55995406
4.56070324
4.56124738
4.56170079
4.56205871
4.56238069
4.56279990
4.56308684
4.56314463
4.56305973
4.56267034
4.56202136
4.56145066
4.56111074
4.56124892
4.56139643
4.56184619
4.56249771
4.56355210
4.56472837
4.56565720
4.56598443
4.56596739
4.56565770
4.56512409
4.56427401
4.56362878
4.56293631
4.56232801
4.56172381
4.56121493
4.56080900
4.56067603
4.56068738
4.56136548
4.56269545
4.56471827
4.56698394
4.56915161
4.57182674
4.57463496
4.57738992
4.57982464
4.58210309
4.58461554
4.58738779
4.59022978
4.59316234
4.59637160
4.59993975
4.60328864
4.60668837
4.61016851
4.61371478
4.61729970
4.62100053
4.62475404
4.62855371
4.63227834
4.63614777
4.64013410
4.64393568
4.64762837
4.65105188
4.65408627
4.65632414
4.65785676
4.65885283
4.65953375
4.66008715
4.66014412
4.66014730
4.65995792
4.65955763
4.65905687
4.65838192
4.65747547
4.65677177
4.65588721
4.65488853
4.65374053
4.65236599
4.65054817
4.64845201
4.64625542
4.64384096
4.64102234
4.63807815
4.63488549
4.63150202
4.62798066
4.62484944
4.62211966
4.61939662
4.61669330
4.61414822
4.61157491
4.60919954
4.60727475
4.60549052
4.60375488
4.60197332
4.60019912
4.59831913
4.59648491
4.59440441
4.59216687
4.58955979
4.58678497
4.58423312
4.58178116
4.57941415
4.57724951
4.57536911
4.57382494
4.57253236
4.57169524
4.57112606
4.57078010
4.57070769
4.57050955
4.57027995
4.56973631
4.56917776
4.56852282
4.56770145
4.56645153
4.56516572
4.56400311
4.56285667
4.56164620
4.56030721
4.55895918
4.55752247
4.55590338
4.55408130
4.55212402
4.55051337
4.54880790
4.54709085
4.54565245
4.54499538
4.54492707
4.54479127
4.54480975
4.54474607
4.54468241
4.54458618
4.54412562
4.54341043
4.54245643
4.54107116
4.53942133
4.53759653
4.53551299
4.53326155
4.53133284
4.52968130
4.52804044
4.52689735
4.52600728
4.52527030
4.52462046
4.52412026
4.52367315
4.52323457
4.52294525
4.52237436
4.52200251
4.52156424
4.52114861
4.52109901
4.52156062
4.52252811
4.52420071
4.52650461
4.52943638
4.53260118
4.53578122
4.53876094
4.54148230
4.54367207
4.54565234
4.54750310
4.54920241
4.55096255
4.55225927
4.55304611
4.55340687
4.55337167
4.55321595
4.55316570
4.55340264
4.55386432
4.55404230
4.55381794
4.55318060
4.55239456
4.55151069
4.55079991
4.55036997
4.55036271
4.55067923
4.55140117
4.55260911
4.55406357
4.55557563
4.55685833
4.55785034
4.55884106
4.55963115
4.56020207
4.56047990
4.56050522
4.56007708
4.55931464
4.55824661
4.55714583
4.55615232
4.55530269
4.55455966
4.55430289
4.55419801
4.55427588
4.55509273
4.55656578
4.55900919
4.56207419
4.56530176
4.56846715
4.57150307
4.57415919
4.57622789
4.57766077
4.57859000
4.57931564
4.58005886
4.58040520
4.58039946
4.58014581
4.57998303
4.57983458
4.57951953
4.57939944
4.57962172
4.58041776
4.58183698
4.58328794
4.58491985
4.58674326
4.58890827
4.59087068
4.59242159
4.59361593
4.59476931
4.59558998
4.59625133
4.59676649
4.59707291
4.59700460
4.59663382
4.59586505
4.59492812
4.59351599
4.59203410
4.59069585
4.58942466
4.58850355
4.58767361
4.58681936
4.58579837
4.58455100
4.58352375
4.58256768
4.58168801
4.58068355
4.57968887
4.57896063
4.57833777
4.57755112
4.57695200
4.57635169
4.57582040
4.57532876
4.57490468
4.57403782
4.57256910
4.57066403
4.56812315
4.56535693
4.56268299
4.56019407
4.55782746
4.55579467
4.55415494
4.55246367
4.55078562
4.54951673
4.54844621
4.54742376
4.54647016
4.54559504
4.54485200
4.54435069
4.54375293
4.54309968
4.54237479
4.54171602
4.54079477
4.54010223
4.53967321
4.53974293
4.54047377
4.54157907
4.54312431
4.54526123
4.54776643
4.55050485
4.55312967
4.55589315
4.55855482
4.56096829
4.56323622
4.56535909
4.56721503
4.56933252
4.57149757
4.57385014
4.57612090
4.57818697
4.57993867
4.58145260
4.58290675
4.58414582
4.58497824
4.58527997
4.58523711
4.58516458
4.58493812
4.58460393
4.58386646
4.58294339
4.58183054
4.58047556
4.57928380
4.57815178
4.57702711
4.57582404
4.57439032
4.57305614
4.57191621
4.57108247
4.57075816
4.57097847
4.57156814
4.57224764
4.57281392
4.57324999
4.57375705
4.57422867
4.57459202
4.57474166
4.57489961
4.57485093
4.57456800
4.57416028
4.57360195
4.57291783
4.57258910
4.57277553
4.57355659
4.57492291
4.57651365
4.57806834
4.57950105
4.58114918
4.58261338
4.58357525
4.58391036
4.58389738
4.58341583
4.58293743
4.58262596
4.58251953
4.58272035
4.58330524
4.58408179
4.58502904
4.58603812
4.58668497
4.58728415
4.58754134
4.58727692
4.58641198
4.58522718
4.58418059
4.58306604
4.58157380
4.57990677
4.57796595
4.57565605
4.57287566
4.56985483
4.56666448
4.56375191
4.56089841
4.55793209
4.55478172
4.55181263
4.54893447
4.54618429
4.54375121
4.54158955
4.54010692
4.53915338
4.53850194
4.53824867
4.53824136
4.53847283
4.53896589
4.53971054
4.54034992
4.54091796
4.54180046
4.54303112
4.54426648
4.54554819
4.54659403
4.54756049
4.54838252
4.54927962
4.55041875
4.55162663
4.55257012
4.55324463
4.55361000
4.55371462
4.55363275
4.55336990
4.55335521
4.55312222
4.55270865
4.55194054
4.55101468
4.55005583
4.54894752
4.54790203
4.54710769
4.54647517
4.54570998
4.54473999
4.54383745
4.54326502
4.54312972
4.54343981
4.54451557
4.54602100
4.54768472
4.54933756
4.55120635
4.55333605
4.55538989
4.55763775
4.55967206
4.56155535
4.56315384
4.56432648
4.56492037
4.56489791
4.56464905
4.56440860
4.56460190
4.56518364
4.56628572
4.56725174
4.56800014
4.56830024
4.56845803
4.56846449
4.56879749
4.56941904
4.57022904
4.57108412
4.57193251
4.57265049
4.57348299
4.57451936
4.57534078
4.57644873
4.57774719
4.57917947
4.58054230
4.58143230
4.58179654
4.58157926
4.58111493
4.58077916
4.58083663
4.58117589
4.58175978
4.58224187
4.58273856
4.58345358
4.58447993
4.58562014
4.58677323
4.58777946
4.58889514
4.59016694
4.59137244
4.59240300
4.59352380
4.59461498
4.59569536
4.59673078
4.59768762
4.59894881
4.60013235
4.60116977
4.60217013
4.60315393
4.60429448
4.60554205
4.60693254
4.60825738
4.60945565
4.61048350
4.61117689
4.61143631
4.61157201
4.61172886
4.61176247
4.61148289
4.61101319
4.61055011
4.61004810
4.60959701
4.60951486
4.60960080
4.60978997
4.60966156
4.60925158
4.60888733
4.60850916
4.60852673
4.60899018
4.61010345
4.61126223
4.61241582
4.61299994
4.61332509
4.61350939
4.61324861
4.61262944
4.61135307
4.60971310
4.60807523
4.60618063
4.60409878
4.60166347
4.59907031
4.59603200
4.59252648
4.58879502
4.58533719
4.58237642
4.57998094
4.57806492
4.57637285
4.57494491
4.57379751
4.57334255
4.57366960
4.57409405
4.57449329
4.57487944
4.57518783
4.57569236
4.57607458
4.57602772
4.57550848
4.57463867
4.57343729
4.57171528
4.56974322
4.56757336
4.56509513
4.56234695
4.55991088
4.55749740
4.55525136
4.55284369
4.55041126
4.54820404
4.54621068
4.54415127
4.54240635
4.54101806
4.53957450
4.53804271
4.53654352
4.53546966
4.53477031
4.53454753
4.53465684
4.53515786
4.53582965
4.53686953
4.53813923
4.53983914
4.54164547
4.54312318
4.54474434
4.54647913
4.54841043
4.55012689
4.55194036
4.55380212
4.55529983
4.55623432
4.55661541
4.55672880
4.55681213
4.55645781
4.55577879
4.55512065
4.55453884
4.55411937
4.55392955
4.55404684
4.55439846
4.55481578
4.55509486
4.55529043
4.55556408
4.55599534
4.55653373
4.55695122
4.55742114
4.55781262
4.55805509
4.55822044
4.55809307
4.55779820
4.55755381
4.55723614
4.55698517
4.55723954
4.55790010
4.55878998
4.55992905
4.56154482
4.56354409
4.56570806
4.56782750
4.56986653
4.57178367
4.57366984
4.57561388
4.57739076
4.57936686
4.58161776
4.58359698
4.58525098
4.58627300
4.58652095
4.58608895
4.58524437
4.58434746
4.58356132
4.58285780
4.58224102
4.58165848
4.58082070
4.58000168
4.57901959
4.57752994
4.57567654
4.57369079
4.57175261
4.56995587
4.56815009
4.56662720
4.56522912
4.56410990
4.56325797
4.56257810
4.56229661
4.56259685
4.56316648
4.56391370
4.56485489
4.56600940
4.56761604
4.56931939
4.57093247
4.57249819
4.57370558
4.57491943
4.57577171
4.57638992
4.57663349
4.57667770
4.57640895
4.57632124
4.57612455
4.57584498
4.57557302
4.57556579
4.57549948
4.57553641
4.57573845
4.57607279
4.57647228
4.57682075
4.57713729
4.57710327
4.57683525
4.57640763
4.57589380
4.57514174
4.57407214
4.57238498
4.57087218
4.56943659
4.56832195
4.56749656
4.56689179
4.56630931
4.56575136
4.56520327
4.56466111
4.56381472
4.56279239
4.56173504
4.56078481
4.55976895
4.55899746
4.55851665
4.55809522
4.55789353
4.55770575
4.55746434
4.55734591
4.55716601
4.55662845
4.55572636
4.55465454
4.55337049
4.55171472
4.54968367
4.54750520
4.54520676
4.54272580
4.54047194
4.53823997
4.53582734
4.53383407
4.53267642
4.53225836
4.53238482
4.53275992
4.53288649
4.53288889
4.53275115
4.53258548
4.53221360
4.53179432
4.53129953
4.53098917
4.53083957
4.53117518
4.53156097
4.53200241
4.53238132
4.53250980
4.53253357
4.53229168
4.53194462
4.53142195
4.53069607
4.52997738
4.52928282
4.52868569
4.52794563
4.52696143
4.52571626
4.52415844
4.52236214
4.52033588
4.51857748
4.51714907
4.51641118
4.51643823
4.51673123
4.51708462
4.51766947
4.51825470
4.51906841
4.52000177
4.52103186
4.52203935
4.52319901
4.52447750
4.52630818
4.52863448
4.53095258
4.53348746
4.53650495
4.53979212
4.54303223
4.54625141
4.54959546
4.55284239
4.55585681
4.55829305
4.56014267
4.56113128
4.56117210
4.56032426
4.55889117
4.55711997
4.55500353
4.55267442
4.54978869
4.54656520
4.54331922
4.53985866
4.53682489
4.53439144
4.53236551
4.53083810
4.53012898
4.53018884
4.53066545
4.53139598
4.53255019
4.53404478
4.53543884
4.53669187
4.53749084
4.53783444
4.53773958
4.53730315
4.53687583
4.53633509
4.53574266
4.53529968
4.53465970
4.53439614
4.53452818
4.53488644
4.53547970
4.53624670
4.53699401
4.53758192
4.53794103
4.53813811
4.53869119
4.53953386
4.54044798
4.54180518
4.54309279
4.54433440
4.54544575
4.54635509
4.54718864
4.54748303
4.54748653
4.54735770
