5.34042553
5.47492415
5.46749212
5.42979704
5.38004283
5.32648257
5.27343296
5.22310528
5.17659084
5.13435400
5.09648890
5.06286998
5.03324215
5.00728270
4.98464150
4.96496586
4.94791599
4.93317386
4.92044806
4.90947591
4.90002342
4.89188408
4.88487691
4.87884421
4.87364925
4.86917384
4.86531618
4.86198875
4.85911638
4.85663458
4.85448805
4.85262943
4.85101815
4.84961949
4.84840370
4.84734529
4.84642244
4.84561645
4.84491129
4.84429321
4.84375042
4.84327281
4.84285170
4.84247965
4.84215024
4.84185798
4.84159813
4.84136661
4.84115990
4.84097497
4.84080920
4.84066032
4.84052638
4.84040566
4.84029668
4.84019817
4.84010897
4.84002812
4.83995474
4.83988807
4.83982743
4.83977224
4.83972196
4.83967612
4.83963430
4.83959614
4.83956129
4.83952945
4.83950036
4.83947377
4.83944946
4.83942723
4.83940690
4.83938831
4.83937130
4.83935574
4.83934150
4.83932848
4.83931656
4.83930566
4.83929569
4.83928658
4.83927824
4.83927061
4.83926363
4.83925725
4.83925142
4.83924609
4.83924121
4.83923676
4.83923269
4.83922896
4.83922556
4.83922246
4.83921962
4.83921702
4.83921465
4.83921249
4.83921051
4.83920870
4.83920705
4.83920554
4.83920417
4.83920291
4.83920176
4.83920071
4.83919976
4.83919888
4.83919809
4.83919736
4.83919669
4.83919608
4.83919553
4.83919502
4.83919456
4.83919414
4.83919375
4.83919340
4.83919308
4.83919278
4.83919251
4.83919227
4.83919205
4.83919184
4.83919165
4.83919148
4.83919133
4.83919119
4.83919106
4.83919094
4.83919083
4.83919073
4.83919064
4.83919056
4.83919048
4.83919041
4.83919035
4.83919029
4.83919024
4.83919019
4.83919015
4.83919011
4.83919007
4.83919004
4.83919001
4.83918998
4.83918995
4.83918993
4.83918991
4.83918989
4.83918987
4.83918986
4.83918984
4.83918983
4.83918982
4.83918981
4.83918979
4.83918979
4.83918978
4.83918977
4.83918976
4.83918976
4.83918975
4.83918974
4.83918974
4.83918973
4.83918973
4.83918973
4.83918972
4.83918972
4.83918972
4.83918971
4.83918971
4.83918971
4.83918971
4.83918971
4.83918970
4.83918970
4.83918970
4.83918970
4.83918970
4.83918970
4.83918970
4.83918970
4.83918969
4.83918969
4.83918969
4.83918969
4.83918969
4.83918969
4.83918969
4.83918969
4.83918969
4.83918969
4.83918969
4.83918969
4.83918969
4.83918969
4.83918969
4.83918969
4.83918969
4.83918969
4.83918969
4.83918969
4.83918969
4.83918969
4.83918969
4.83918969
4.83918969
4.83918969
4.83918969
4.83918969
4.83918969
4.83918969
4.83918969
4.83918969
4.83918969
4.83918969
4.83918969
4.83918969
4.83918969
4.83918969
4.83918969
4.83918969
4.83918969
4.83918969
4.83918969
4.83918969
4.83918969
4.83918969
4.83918969
4.83918969
4.83918969
4.83918969
4.83918969
4.83918969
4.83918969
4.83918969
4.83918969
4.83918969
4.83918969
4.83918969
4.83918969
4.83918969
4.83918969
4.83918969
4.83918969
4.83918969
4.83918969
4.83918969
4.83918969
4.83918969
4.83918969
4.83918969
4.83918969
4.83918969
4.83918969
4.83918969
4.83918969
4.83918969
4.83918969
4.83918969
4.83918969
4.83918969
4.83918969
4.83918969
4.83918969
4.83918969
4.83918969
4.83918969
4.83918969
4.83918969
4.83918969
4.83918969
4.83918969
4.83918969
4.83918969
4.83918969
4.83918969
4.83918969
4.83918969
4.83918969
4.83918969
4.83918969
4.83918969
4.83918969
4.83918969
4.83918969
4.83918969
4.83918969
4.83918969
4.83918969
4.83918969
4.83918969
4.83918969
4.83918969
4.83918969
4.83918969
4.83918969
4.83918969
4.83918969
4.83918969
4.83918969
4.83918969
4.83918969
4.83918969
4.83918969
4.83918969
4.83918969
4.83918969
4.83918969
4.83918969
4.83918969
4.83918969
4.83918969
4.83918969
4.83918969
4.83918969
4.83918969
4.83918969
4.83918969
4.83918969
4.83918969
4.83918969
4.83918969
4.83918969
4.83918969
4.83918969
4.83918969
4.83918969
4.83918969
4.83918969
4.83918969
4.83918969
4.83918969
4.83918969
4.83918969
4.83918969
4.83918969
4.83918969
4.83918969
4.83918969
4.83918969
4.83918969
4.83918969
4.83918969
4.83918969
4.83918969
4.83918969
4.83918969
4.83918969
4.83918969
4.83918969
4.83918969
4.83918969
4.83918969
4.83918969
4.83918969
4.83918969
4.83918969
4.83918969
4.83918969
4.83918969
4.83918969
4.83918969
4.83918969
4.83918969
4.83918969
4.83918969
4.83918969
4.83918969
4.83918969
4.83918969
4.83918969
4.83918969
4.83918969
4.83918969
4.83918969
4.83918969
4.83918969
4.83918969
4.83918969
4.83918969
4.83918969
4.83918969
4.83918969
4.83918969
4.83918969
4.83918969
4.83918969
4.83918969
4.83918969
4.83918969
4.83918969
4.83918969
4.83918969
4.83918969
4.83918969
4.83918969
4.83918969
4.83918969
4.83918969
4.83918969
4.83918969
4.83918969
4.83918969
4.83918969
4.83918969
4.83918969
4.83918969
4.83918969
4.83918969
4.83918969
4.83918969
4.83918969
4.83918969
4.83918969
4.83918969
4.83918969
4.83918969
4.83918969
4.83918969
4.83918969
4.83918969
4.83918969
4.83918969
4.83918969
4.83918969
4.83918969
4.83918969
4.83918969
4.83918969
4.83918969
4.83918969
4.83918969
4.83918969
4.83918969
4.83918969
4.83918969
4.83918969
4.83918969
4.83918969
4.83918969
4.83918969
4.83918969
4.83918969
4.83918969
4.83918969
4.83918969
4.83918969
4.83918969
4.83918969
4.83918969
4.83918969
4.83918969
4.83918969
4.83918969
4.83918969
4.83918969
4.83918969
4.83918969
4.83918969
4.83918969
4.83918969
4.83918969
4.83918969
4.83918969
4.83918969
4.83918969
4.83918969
4.83918969
4.83918969
4.83918969
4.83918969
4.83918969
4.83918969
4.83918969
4.83918969
4.83918969
4.83918969
4.83918969
4.83918969
4.83918969
4.83918969
4.83918969
4.83918969
4.83918969
4.83918969
4.83918969
4.83918969
4.83918969
4.83918969
4.83918969
4.83918969
4.83918969
4.83918969
4.83918969
4.83918969
4.83918969
4.83918969
4.83918969
4.83918969
4.83918969
4.83918969
4.83918969
4.83918969
4.83918969
4.83918969
4.83918969
4.83918969
4.83918969
4.83918969
4.83918969
4.83918969
4.83918969
4.83918969
4.83918969
4.83918969
4.83918969
4.83918969
4.83918969
4.83918969
4.83918969
4.83918969
4.83918969
4.83918969
4.83918969
4.83918969
4.83918969
4.83918969
4.83918969
4.83918969
4.83918969
4.83918969
4.83918969
4.83918969
4.83918969
4.83918969
4.83918969
4.83918969
4.83918969
4.83918969
4.83918969
4.83918969
4.83918969
4.83918969
4.83918969
4.83918969
4.83918969
4.83918969
4.83918969
4.83918969
4.83918969
4.83918969
4.83918969
4.83918969
4.83918969
4.83918969
4.83918969
4.83918969
4.83918969
4.83918969
4.83918969
4.83918969
4.83918969
4.83918969
4.83918969
4.83918969
4.83918969
4.83918969
4.83918969
4.83918969
4.83918969
4.83918969
4.83918969
4.83918969
4.83918969
4.83918969
4.83918969
4.83918969
4.83918969
4.83918969
4.83918969
4.83918969
4.83918969
4.83918969
4.83918969
4.83918969
4.83918969
4.83918969
4.83918969
4.83918969
4.83918969
4.83918969
4.83918969
4.83918969
4.83918969
4.83918969
4.83918969
4.83918969
4.83918969
4.83918969
4.83918969
4.83918969
4.83918969
4.83918969
4.83918969
4.83918969
4.83918969
4.83918969
4.83918969
4.83918969
4.83918969
4.83918969
4.83918969
4.83918969
4.83918969
4.83918969
4.83918969
4.83918969
4.83918969
4.83918969
4.83918969
4.83918969
4.83918969
4.83918969
4.83918969
4.83918969
4.83918969
4.83918969
4.83918969
4.83918969
4.83918969
4.83918969
4.83918969
4.83918969
4.83918969
4.83918969
4.83918969
4.83918969
4.83918969
4.83918969
4.83918969
4.83918969
4.83918969
4.83918969
4.83918969
4.83918969
4.83918969
4.83918969
4.83918969
4.83918969
4.83918969
4.83918969
4.83918969
4.83918969
4.83918969
4.83918969
4.83918969
4.83918969
4.83918969
4.83918969
4.83918969
4.83918969
4.83918969
4.83918969
4.83918969
4.83918969
4.83918969
4.83918969
4.83918969
4.83918969
4.83918969
4.83918969
4.83918969
4.83918969
4.83918969
4.83918969
4.83918969
4.83918969
4.83918969
4.83918969
4.83918969
4.83918969
4.83918969
4.83918969
4.83918969
4.83918969
4.83918969
4.83918969
4.83918969
4.83918969
4.83918969
4.83918969
4.83918969
4.83918969
4.83918969
4.83918969
4.83918969
4.83918969
4.83918969
4.83918969
4.83918969
4.83918969
4.83918969
4.83918969
4.83918969
4.83918969
4.83918969
4.83918969
4.83918969
4.83918969
4.83918969
4.83918969
4.83918969
4.83918969
4.83918969
4.83918969
4.83918969
4.83918969
4.83918969
4.83918969
4.83918969
4.83918969
4.83918969
4.83918969
4.83918969
4.83918969
4.83918969
4.83918969
4.83918969
4.83918969
4.83918969
4.83918969
4.83918969
4.83918969
4.83918969
4.83918969
4.83918969
4.83918969
4.83918969
4.83918969
4.83918969
4.83918969
4.83918969
4.83918969
4.83918969
4.83918969
4.83918969
4.83918969
4.83918969
4.83918969
4.83918969
4.83918969
4.83918969
4.83918969
4.83918969
4.83918969
4.83918969
4.83918969
4.83918969
4.83918969
4.83918969
4.83918969
4.83918969
4.83918969
4.83918969
4.83918969
4.83918969
4.83918969
4.83918969
4.83918969
4.83918969
4.83918969
4.83918969
4.83918969
4.83918969
4.83918969
4.83918969
4.83918969
4.83918969
4.83918969
4.83918969
4.83918969
4.83918969
4.83918969
4.83918969
4.83918969
4.83918969
4.83918969
4.83918969
4.83918969
4.83918969
4.83918969
4.83918969
4.83918969
4.83918969
4.83918969
4.83918969
4.83918969
4.83918969
4.83918969
4.83918969
4.83918969
4.83918969
4.83918969
4.83918969
4.83918969
4.83918969
4.83918969
4.83918969
4.83918969
4.83918969
4.83918969
4.83918969
4.83918969
4.83918969
4.83918969
4.83918969
4.83918969
4.83918969
4.83918969
4.83918969
4.83918969
4.83918969
4.83918969
4.83918969
4.83918969
4.83918969
4.83918969
4.83918969
4.83918969
4.83918969
4.83918969
4.83918969
4.83918969
4.83918969
4.83918969
4.83918969
4.83918969
4.83918969
4.83918969
4.83918969
4.83918969
4.83918969
4.83918969
4.83918969
4.83918969
4.83918969
4.83918969
4.83918969
4.83918969
4.83918969
4.83918969
4.83918969
4.83918969
4.83918969
4.83918969
4.83918969
4.83918969
4.83918969
4.83918969
4.83918969
4.83918969
4.83918969
4.83918969
4.83918969
4.83918969
4.83918969
4.83918969
4.83918969
4.83918969
4.83918969
4.83918969
4.83918969
4.83918969
4.83918969
4.83918969
4.83918969
4.83918969
4.83918969
4.83918969
4.83918969
4.83918969
4.83918969
4.83918969
4.83918969
4.83918969
4.83918969
4.83918969
4.83918969
4.83918969
4.83918969
4.83918969
4.83918969
4.83918969
4.83918969
4.83918969
4.83918969
4.83918969
4.83918969
4.83918969
4.83918969
4.83918969
4.83918969
4.83918969
4.83918969
4.83918969
4.83918969
4.83918969
4.83918969
4.83918969
4.83918969
4.83918969
4.83918969
4.83918969
4.83918969
4.83918969
4.83918969
4.83918969
4.83918969
4.83918969
4.83918969
4.83918969
4.83918969
4.83918969
4.83918969
4.83918969
4.83918969
4.83918969
4.83918969
4.83918969
4.83918969
4.83918969
4.83918969
4.83918969
4.83918969
4.83918969
4.83918969
4.83918969
4.83918969
4.83918969
4.83918969
4.83918969
4.83918969
4.83918969
4.83918969
4.83918969
4.83918969
4.83918969
4.83918969
4.83918969
4.83918969
4.83918969
4.83918969
4.83918969
4.83918969
4.83918969
4.83918969
4.83918969
4.83918969
4.83918969
4.83918969
4.83918969
4.83918969
4.83918969
4.83918969
4.83918969
4.83918969
4.83918969
4.83918969
4.83918969
4.83918969
4.83918969
4.83918969
4.83918969
4.83918969
4.83918969
4.83918969
4.83918969
4.83918969
4.83918969
4.83918969
4.83918969
4.83918969
4.83918969
4.83918969
4.83918969
4.83918969
4.83918969
4.83918969
4.83918969
4.83918969
4.83918969
4.83918969
4.83918969
4.83918969
4.83918969
4.83918969
4.83918969
