5.34042553
5.47492415
5.46749212
5.43132342
5.38419441
5.33399579
5.28478854
5.23859853
5.19638355
5.15853107
5.12497965
5.09553548
5.06988579
5.04769554
5.02859448
5.01221471
4.99823014
4.98632833
4.97623550
4.96769229
4.96047970
4.95439140
4.94925190
4.94491427
4.94125417
4.93816212
4.93554776
4.93333446
4.93145852
4.92986621
4.92851172
4.92735712
4.92636913
4.92552103
4.92479079
4.92415941
4.92361048
4.92313098
4.92271000
4.92233872
4.92200991
4.92171736
4.92145579
4.92122089
4.92100916
4.92081745
4.92064342
4.92048504
4.92034068
4.92020869
4.92008767
4.91997667
4.91987468
4.91978085
4.91969446
4.91961482
4.91954136
4.91947368
4.91941134
4.91935389
4.91930098
4.91925222
4.91920725
4.91916580
4.91912764
4.91909252
4.91906018
4.91903041
4.91900298
4.91897773
4.91895451
4.91893314
4.91891349
4.91889543
4.91887882
4.91886357
4.91884957
4.91883672
4.91882492
4.91881411
4.91880420
4.91879511
4.91878679
4.91877916
4.91877218
4.91876578
4.91875991
4.91875455
4.91874965
4.91874518
4.91874108
4.91873734
4.91873392
4.91873080
4.91872794
4.91872533
4.91872294
4.91872077
4.91871878
4.91871696
4.91871530
4.91871378
4.91871239
4.91871112
4.91870996
4.91870890
4.91870794
4.91870705
4.91870625
4.91870551
4.91870484
4.91870422
4.91870366
4.91870315
4.91870268
4.91870225
4.91870185
4.91870149
4.91870116
4.91870086
4.91870059
4.91870034
4.91870011
4.91869990
4.91869970
4.91869953
4.91869937
4.91869922
4.91869908
4.91869896
4.91869885
4.91869875
4.91869865
4.91869856
4.91869848
4.91869841
4.91869835
4.91869828
4.91869823
4.91869818
4.91869813
4.91869809
4.91869805
4.91869801
4.91869798
4.91869795
4.91869792
4.91869790
4.91869788
4.91869786
4.91869784
4.91869782
4.91869780
4.91869779
4.91869778
4.91869776
4.91869775
4.91869774
4.91869773
4.91869772
4.91869772
4.91869771
4.91869770
4.91869770
4.91869769
4.91869769
4.91869768
4.91869768
4.91869767
4.91869767
4.91869767
4.91869766
4.91869766
4.91869766
4.91869766
4.91869765
4.91869765
4.91869765
4.91869765
4.91869765
4.91869765
4.91869764
4.91869764
4.91869764
4.91869764
4.91869764
4.91869764
4.91869764
4.91869764
4.91869764
4.91869764
4.91869764
4.91869764
4.91869764
4.91869764
4.91869764
4.91869764
4.91869764
4.91869763
4.91869763
4.91869763
4.91869763
4.91869763
4.91869763
4.91869763
4.91869763
4.91869763
4.91869763
4.91869763
4.91869763
4.91869763
4.91869763
4.91869763
4.91869763
4.91869763
4.91869763
4.91869763
4.91869763
4.91869763
4.91869763
4.91869763
4.91869763
4.91869763
4.91869763
4.91869763
4.91869763
4.91869763
4.91869763
4.91869763
4.91869763
4.91869763
4.91869763
4.91869763
4.91869763
4.91869763
4.91869763
4.91869763
4.91869763
4.91869763
4.91869763
4.91869763
4.91869763
4.91869763
4.91869763
4.91869763
4.91869763
4.91869763
4.91869763
4.91869763
4.91869763
4.91869763
4.91869763
4.91869763
4.91869763
4.91869763
4.91869763
4.91869763
4.91869763
4.91869763
4.91869763
4.91869763
4.91869763
4.91869763
4.91869763
4.91869763
4.91869763
4.91869763
4.91869763
4.91869763
4.91869763
4.91869763
4.91869763
4.91869763
4.91869763
4.91869763
4.91869763
4.91869763
4.91869763
4.91869763
4.91869763
4.91869763
4.91869763
4.91869763
4.91869763
4.91869763
4.91869763
4.91869763
4.91869763
4.91869763
4.91869763
4.91869763
4.91869763
4.91869763
4.91869763
4.91869763
4.91869763
4.91869763
4.91869763
4.91869763
4.91869763
4.91869763
4.91869763
4.91869763
4.91869763
4.91869763
4.91869763
4.91869763
4.91869763
4.91869763
4.91869763
4.91869763
4.91869763
4.91869763
4.91869763
4.91869763
4.91869763
4.91869763
4.91869763
4.91869763
4.91869763
4.91869763
4.91869763
4.91869763
4.91869763
4.91869763
4.91869763
4.91869763
4.91869763
4.91869763
4.91869763
4.91869763
4.91869763
4.91869763
4.91869763
4.91869763
4.91869763
4.91869763
4.91869763
4.91869763
4.91869763
4.91869763
4.91869763
4.91869763
4.91869763
4.91869763
4.91869763
4.91869763
4.91869763
4.91869763
4.91869763
4.91869763
4.91869763
4.91869763
4.91869763
4.91869763
4.91869763
4.91869763
4.91869763
4.91869763
4.91869763
4.91869763
4.91869763
4.91869763
4.91869763
4.91869763
4.91869763
4.91869763
4.91869763
4.91869763
4.91869763
4.91869763
4.91869763
4.91869763
4.91869763
4.91869763
4.91869763
4.91869763
4.91869763
4.91869763
4.91869763
4.91869763
4.91869763
4.91869763
4.91869763
4.91869763
4.91869763
4.91869763
4.91869763
4.91869763
4.91869763
4.91869763
4.91869763
4.91869763
4.91869763
4.91869763
4.91869763
4.91869763
4.91869763
4.91869763
4.91869763
4.91869763
4.91869763
4.91869763
4.91869763
4.91869763
4.91869763
4.91869763
4.91869763
4.91869763
4.91869763
4.91869763
4.91869763
4.91869763
4.91869763
4.91869763
4.91869763
4.91869763
4.91869763
4.91869763
4.91869763
4.91869763
4.91869763
4.91869763
4.91869763
4.91869763
4.91869763
4.91869763
4.91869763
4.91869763
4.91869763
4.91869763
4.91869763
4.91869763
4.91869763
4.91869763
4.91869763
4.91869763
4.91869763
4.91869763
4.91869763
4.91869763
4.91869763
4.91869763
4.91869763
4.91869763
4.91869763
4.91869763
4.91869763
4.91869763
4.91869763
4.91869763
4.91869763
4.91869763
4.91869763
4.91869763
4.91869763
4.91869763
4.91869763
4.91869763
4.91869763
4.91869763
4.91869763
4.91869763
4.91869763
4.91869763
4.91869763
4.91869763
4.91869763
4.91869763
4.91869763
4.91869763
4.91869763
4.91869763
4.91869763
4.91869763
4.91869763
4.91869763
4.91869763
4.91869763
4.91869763
4.91869763
4.91869763
4.91869763
4.91869763
4.91869763
4.91869763
4.91869763
4.91869763
4.91869763
4.91869763
4.91869763
4.91869763
4.91869763
4.91869763
4.91869763
4.91869763
4.91869763
4.91869763
4.91869763
4.91869763
4.91869763
4.91869763
4.91869763
4.91869763
4.91869763
4.91869763
4.91869763
4.91869763
4.91869763
4.91869763
4.91869763
4.91869763
4.91869763
4.91869763
4.91869763
4.91869763
4.91869763
4.91869763
4.91869763
4.91869763
4.91869763
4.91869763
4.91869763
4.91869763
4.91869763
4.91869763
4.91869763
4.91869763
4.91869763
4.91869763
4.91869763
4.91869763
4.91869763
4.91869763
4.91869763
4.91869763
4.91869763
4.91869763
4.91869763
4.91869763
4.91869763
4.91869763
4.91869763
4.91869763
4.91869763
4.91869763
4.91869763
4.91869763
4.91869763
4.91869763
4.91869763
4.91869763
4.91869763
4.91869763
4.91869763
4.91869763
4.91869763
4.91869763
4.91869763
4.91869763
4.91869763
4.91869763
4.91869763
4.91869763
4.91869763
4.91869763
4.91869763
4.91869763
4.91869763
4.91869763
4.91869763
4.91869763
4.91869763
4.91869763
4.91869763
4.91869763
4.91869763
4.91869763
4.91869763
4.91869763
4.91869763
4.91869763
4.91869763
4.91869763
4.91869763
4.91869763
4.91869763
4.91869763
4.91869763
4.91869763
4.91869763
4.91869763
4.91869763
4.91869763
4.91869763
4.91869763
4.91869763
4.91869763
4.91869763
4.91869763
4.91869763
4.91869763
4.91869763
4.91869763
4.91869763
4.91869763
4.91869763
4.91869763
4.91869763
4.91869763
4.91869763
4.91869763
4.91869763
4.91869763
4.91869763
4.91869763
4.91869763
4.91869763
4.91869763
4.91869763
4.91869763
4.91869763
4.91869763
4.91869763
4.91869763
4.91869763
4.91869763
4.91869763
4.91869763
4.91869763
4.91869763
4.91869763
4.91869763
4.91869763
4.91869763
4.91869763
4.91869763
4.91869763
4.91869763
4.91869763
4.91869763
4.91869763
4.91869763
4.91869763
4.91869763
4.91869763
4.91869763
4.91869763
4.91869763
4.91869763
4.91869763
4.91869763
4.91869763
4.91869763
4.91869763
4.91869763
4.91869763
4.91869763
4.91869763
4.91869763
4.91869763
4.91869763
4.91869763
4.91869763
4.91869763
4.91869763
4.91869763
4.91869763
4.91869763
4.91869763
4.91869763
4.91869763
4.91869763
4.91869763
4.91869763
4.91869763
4.91869763
4.91869763
4.91869763
4.91869763
4.91869763
4.91869763
4.91869763
4.91869763
4.91869763
4.91869763
4.91869763
4.91869763
4.91869763
4.91869763
4.91869763
4.91869763
4.91869763
4.91869763
4.91869763
4.91869763
4.91869763
4.91869763
4.91869763
4.91869763
4.91869763
4.91869763
4.91869763
4.91869763
4.91869763
4.91869763
4.91869763
4.91869763
4.91869763
4.91869763
4.91869763
4.91869763
4.91869763
4.91869763
4.91869763
4.91869763
4.91869763
4.91869763
4.91869763
4.91869763
4.91869763
4.91869763
4.91869763
4.91869763
4.91869763
4.91869763
4.91869763
4.91869763
4.91869763
4.91869763
4.91869763
4.91869763
4.91869763
4.91869763
4.91869763
4.91869763
4.91869763
4.91869763
4.91869763
4.91869763
4.91869763
4.91869763
4.91869763
4.91869763
4.91869763
4.91869763
4.91869763
4.91869763
4.91869763
4.91869763
4.91869763
4.91869763
4.91869763
4.91869763
4.91869763
4.91869763
4.91869763
4.91869763
4.91869763
4.91869763
4.91869763
4.91869763
4.91869763
4.91869763
4.91869763
4.91869763
4.91869763
4.91869763
4.91869763
4.91869763
4.91869763
4.91869763
4.91869763
4.91869763
4.91869763
4.91869763
4.91869763
4.91869763
4.91869763
4.91869763
4.91869763
4.91869763
4.91869763
4.91869763
4.91869763
4.91869763
4.91869763
4.91869763
4.91869763
4.91869763
4.91869763
4.91869763
4.91869763
4.91869763
4.91869763
4.91869763
4.91869763
4.91869763
4.91869763
4.91869763
4.91869763
4.91869763
4.91869763
4.91869763
4.91869763
4.91869763
4.91869763
4.91869763
4.91869763
4.91869763
4.91869763
4.91869763
4.91869763
4.91869763
4.91869763
4.91869763
4.91869763
4.91869763
4.91869763
4.91869763
4.91869763
4.91869763
4.91869763
4.91869763
4.91869763
4.91869763
4.91869763
4.91869763
4.91869763
4.91869763
4.91869763
4.91869763
4.91869763
4.91869763
4.91869763
4.91869763
4.91869763
4.91869763
4.91869763
4.91869763
4.91869763
4.91869763
4.91869763
4.91869763
4.91869763
4.91869763
4.91869763
4.91869763
4.91869763
4.91869763
4.91869763
4.91869763
4.91869763
4.91869763
4.91869763
4.91869763
4.91869763
4.91869763
4.91869763
4.91869763
4.91869763
4.91869763
4.91869763
4.91869763
4.91869763
4.91869763
4.91869763
4.91869763
4.91869763
4.91869763
4.91869763
4.91869763
4.91869763
4.91869763
4.91869763
4.91869763
4.91869763
4.91869763
4.91869763
4.91869763
4.91869763
4.91869763
4.91869763
4.91869763
4.91869763
4.91869763
4.91869763
4.91869763
4.91869763
4.91869763
4.91869763
4.91869763
4.91869763
4.91869763
4.91869763
4.91869763
4.91869763
4.91869763
4.91869763
4.91869763
4.91869763
4.91869763
4.91869763
4.91869763
4.91869763
4.91869763
4.91869763
4.91869763
4.91869763
4.91869763
4.91869763
4.91869763
4.91869763
4.91869763
4.91869763
4.91869763
4.91869763
4.91869763
4.91869763
4.91869763
4.91869763
4.91869763
4.91869763
4.91869763
4.91869763
4.91869763
4.91869763
4.91869763
4.91869763
4.91869763
4.91869763
4.91869763
4.91869763
4.91869763
4.91869763
4.91869763
4.91869763
4.91869763
4.91869763
4.91869763
4.91869763
4.91869763
4.91869763
4.91869763
4.91869763
4.91869763
4.91869763
4.91869763
4.91869763
4.91869763
4.91869763
4.91869763
4.91869763
4.91869763
4.91869763
4.91869763
4.91869763
4.91869763
4.91869763
4.91869763
4.91869763
4.91869763
4.91869763
4.91869763
4.91869763
4.91869763
4.91869763
4.91869763
4.91869763
4.91869763
4.91869763
4.91869763
4.91869763
4.91869763
4.91869763
4.91869763
4.91869763
4.91869763
4.91869763
4.91869763
4.91869763
4.91869763
4.91869763
4.91869763
4.91869763
4.91869763
4.91869763
4.91869763
4.91869763
4.91869763
4.91869763
4.91869763
4.91869763
4.91869763
4.91869763
4.91869763
4.91869763
4.91869763
4.91869763
4.91869763
