5.34042553
5.47492415
5.46749212
5.43012813
5.38003228
5.32465110
5.26784507
5.21172222
5.15743448
5.10557452
5.05639749
5.00995323
4.96616884
4.92490174
4.88597395
4.84919439
4.81437291
4.78132891
4.74989616
4.71992507
4.69128338
4.66385569
4.63754236
4.61225803
4.58793000
4.56449652
4.54190520
4.52011143
4.49907707
4.47876915
4.45920954
4.44092884
4.42323736
4.40611748
4.38986606
4.37418302
4.35898424
4.34425845
4.32999505
4.31618397
4.30281546
4.28987995
4.27736783
4.26526945
4.25357502
4.24227462
4.23135822
4.22081566
4.21063670
4.20081104
4.19132839
4.18217845
4.17335102
4.16483594
4.15662321
4.14870296
4.14106549
4.13370130
4.12660110
4.11975581
4.11315657
4.10679480
4.10066211
4.09475041
4.08905182
4.08355873
4.07826376
4.07315979
4.06823994
4.06349754
4.05892619
4.05451969
4.05027205
4.04617753
4.04223056
4.03842578
4.03475804
4.03122237
4.02781396
4.02452821
4.02136066
4.01830703
4.01536319
4.01252517
4.00978913
4.00715138
4.00460836
4.00215665
3.99979296
3.99751409
3.99531699
3.99319870
3.99115639
3.98918731
3.98728883
3.98545839
3.98369355
3.98199195
3.98035131
3.97876944
3.97724422
3.97577361
3.97435566
3.97298847
3.97167022
3.97039914
3.96917356
3.96799182
3.96685236
3.96575367
3.96469428
3.96367277
3.96268780
3.96173805
3.96082226
3.95993921
3.95908773
3.95826669
3.95747500
3.95671160
3.95597549
3.95526568
3.95458124
3.95392126
3.95328485
3.95267119
3.95207945
3.95150884
3.95095862
3.95042806
3.94991645
3.94942311
3.94894739
3.94848866
3.94804631
3.94761976
3.94720844
3.94681181
3.94642934
3.94606053
3.94570489
3.94536194
3.94503124
3.94471234
3.94440483
3.94410830
3.94382235
3.94354661
3.94328072
3.94302431
3.94277706
3.94253863
3.94230872
3.94208701
3.94187321
3.94166704
3.94146824
3.94127652
3.94109165
3.94091338
3.94074147
3.94057570
3.94041584
3.94026168
3.94011303
3.93996968
3.93983145
3.93969815
3.93956960
3.93944565
3.93932611
3.93921085
3.93909969
3.93899250
3.93888914
3.93878946
3.93869334
3.93860065
3.93851127
3.93842508
3.93834196
3.93826181
3.93818452
3.93810998
3.93803811
3.93796880
3.93790196
3.93783751
3.93777535
3.93771542
3.93765762
3.93760188
3.93754814
3.93749631
3.93744633
3.93739813
3.93735165
3.93730683
3.93726361
3.93722194
3.93718174
3.93714299
3.93710561
3.93706957
3.93703481
3.93700130
3.93696898
3.93693781
3.93690776
3.93687877
3.93685083
3.93682387
3.93679788
3.93677282
3.93674865
3.93672534
3.93670287
3.93668120
3.93666030
3.93664014
3.93662070
3.93660196
3.93658389
3.93656646
3.93654965
3.93653345
3.93651782
3.93650274
3.93648821
3.93647419
3.93646068
3.93644765
3.93643508
3.93642296
3.93641127
3.93640000
3.93638913
3.93637865
3.93636854
3.93635879
3.93634940
3.93634033
3.93633159
3.93632316
3.93631504
3.93630720
3.93629964
3.93629235
3.93628532
3.93627854
3.93627201
3.93626571
3.93625963
3.93625377
3.93624811
3.93624266
3.93623741
3.93623234
3.93622745
3.93622274
3.93621819
3.93621381
3.93620958
3.93620551
3.93620158
3.93619779
3.93619413
3.93619061
3.93618721
3.93618393
3.93618077
3.93617772
3.93617478
3.93617195
3.93616921
3.93616658
3.93616404
3.93616158
3.93615922
3.93615694
3.93615474
3.93615262
3.93615058
3.93614861
3.93614671
3.93614487
3.93614311
3.93614140
3.93613976
3.93613817
3.93613664
3.93613517
3.93613375
3.93613238
3.93613106
3.93612978
3.93612855
3.93612737
3.93612622
3.93612512
3.93612406
3.93612303
3.93612205
3.93612109
3.93612017
3.93611929
3.93611843
3.93611761
3.93611681
3.93611605
3.93611531
3.93611459
3.93611391
3.93611324
3.93611260
3.93611199
3.93611139
3.93611082
3.93611027
3.93610973
3.93610922
3.93610872
3.93610825
3.93610779
3.93610734
3.93610691
3.93610650
3.93610610
3.93610572
3.93610535
3.93610499
3.93610464
3.93610431
3.93610399
3.93610368
3.93610338
3.93610310
3.93610282
3.93610255
3.93610229
3.93610204
3.93610180
3.93610157
3.93610135
3.93610114
3.93610093
3.93610073
3.93610054
3.93610035
3.93610017
3.93610000
3.93609983
3.93609967
3.93609951
3.93609937
3.93609922
3.93609908
3.93609895
3.93609882
3.93609869
3.93609857
3.93609846
3.93609835
3.93609824
3.93609813
3.93609803
3.93609794
3.93609784
3.93609775
3.93609767
3.93609758
3.93609750
3.93609743
3.93609735
3.93609728
3.93609721
3.93609714
3.93609708
3.93609701
3.93609695
3.93609690
3.93609684
3.93609679
3.93609673
3.93609668
3.93609663
3.93609659
3.93609654
3.93609650
3.93609646
3.93609642
3.93609638
3.93609634
3.93609630
3.93609627
3.93609624
3.93609620
3.93609617
3.93609614
3.93609611
3.93609608
3.93609606
3.93609603
3.93609601
3.93609598
3.93609596
3.93609594
3.93609591
3.93609589
3.93609587
3.93609585
3.93609583
3.93609582
3.93609580
3.93609578
3.93609576
3.93609575
3.93609573
3.93609572
3.93609571
3.93609569
3.93609568
3.93609567
3.93609565
3.93609564
3.93609563
3.93609562
3.93609561
3.93609560
3.93609559
3.93609558
3.93609557
3.93609556
3.93609555
3.93609554
3.93609554
3.93609553
3.93609552
3.93609552
3.93609551
3.93609550
3.93609550
3.93609549
3.93609548
3.93609548
3.93609547
3.93609547
3.93609546
3.93609546
3.93609545
3.93609545
3.93609544
3.93609544
3.93609543
3.93609543
3.93609543
3.93609542
3.93609542
3.93609542
3.93609541
3.93609541
3.93609541
3.93609540
3.93609540
3.93609540
3.93609540
3.93609539
3.93609539
3.93609539
3.93609539
3.93609538
3.93609538
3.93609538
3.93609538
3.93609538
3.93609537
3.93609537
3.93609537
3.93609537
3.93609537
3.93609537
3.93609536
3.93609536
3.93609536
3.93609536
3.93609536
3.93609536
3.93609536
3.93609535
3.93609535
3.93609535
3.93609535
3.93609535
3.93609535
3.93609535
3.93609535
3.93609535
3.93609535
3.93609535
3.93609534
3.93609534
3.93609534
3.93609534
3.93609534
3.93609534
3.93609534
3.93609534
3.93609534
3.93609534
3.93609534
3.93609534
3.93609534
3.93609534
3.93609534
3.93609534
3.93609534
3.93609534
3.93609533
3.93609533
3.93609533
3.93609533
3.93609533
3.93609533
3.93609533
3.93609533
3.93609533
3.93609533
3.93609533
3.93609533
3.93609533
3.93609533
3.93609533
3.93609533
3.93609533
3.93609533
3.93609533
3.93609533
3.93609533
3.93609533
3.93609533
3.93609533
3.93609533
3.93609533
3.93609533
3.93609533
3.93609533
3.93609533
3.93609533
3.93609533
3.93609533
3.93609533
3.93609533
3.93609533
3.93609533
3.93609533
3.93609533
3.93609533
3.93609533
3.93609533
3.93609533
3.93609533
3.93609533
3.93609533
3.93609533
3.93609533
3.93609533
3.93609533
3.93609533
3.93609533
3.93609533
3.93609533
3.93609533
3.93609533
3.93609533
3.93609533
3.93609533
3.93609533
3.93609533
3.93609533
3.93609533
3.93609532
3.93609532
3.93609532
3.93609532
3.93609532
3.93609532
3.93609532
3.93609532
3.93609532
3.93609532
3.93609532
3.93609532
3.93609532
3.93609532
3.93609532
3.93609532
3.93609532
3.93609532
3.93609532
3.93609532
3.93609532
3.93609532
3.93609532
3.93609532
3.93609532
3.93609532
3.93609532
3.93609532
3.93609532
3.93609532
3.93609532
3.93609532
3.93609532
3.93609532
3.93609532
3.93609532
3.93609532
3.93609532
3.93609532
3.93609532
3.93609532
3.93609532
3.93609532
3.93609532
3.93609532
3.93609532
3.93609532
3.93609532
3.93609532
3.93609532
3.93609532
3.93609532
3.93609532
3.93609532
3.93609532
3.93609532
3.93609532
3.93609532
3.93609532
3.93609532
3.93609532
3.93609532
3.93609532
3.93609532
3.93609532
3.93609532
3.93609532
3.93609532
3.93609532
3.93609532
3.93609532
3.93609532
3.93609532
3.93609532
3.93609532
3.93609532
3.93609532
3.93609532
3.93609532
3.93609532
3.93609532
3.93609532
3.93609532
3.93609532
3.93609532
3.93609532
3.93609532
3.93609532
3.93609532
3.93609532
3.93609532
3.93609532
3.93609532
3.93609532
3.93609532
3.93609532
3.93609532
3.93609532
3.93609532
3.93609532
3.93609532
3.93609532
3.93609532
3.93609532
3.93609532
3.93609532
3.93609532
3.93609532
3.93609532
3.93609532
3.93609532
3.93609532
3.93609532
3.93609532
3.93609532
3.93609532
3.93609532
3.93609532
3.93609532
3.93609532
3.93609532
3.93609532
3.93609532
3.93609532
3.93609532
3.93609532
3.93609532
3.93609532
3.93609532
3.93609532
3.93609532
3.93609532
3.93609532
3.93609532
3.93609532
3.93609532
3.93609532
3.93609532
3.93609532
3.93609532
3.93609532
3.93609532
3.93609532
3.93609532
3.93609532
3.93609532
3.93609532
3.93609532
3.93609532
3.93609532
3.93609532
3.93609532
3.93609532
3.93609532
3.93609532
3.93609532
3.93609532
3.93609532
3.93609532
3.93609532
3.93609532
3.93609532
3.93609532
3.93609532
3.93609532
3.93609532
3.93609532
3.93609532
3.93609532
3.93609532
3.93609532
3.93609532
3.93609532
3.93609532
3.93609532
3.93609532
3.93609532
3.93609532
3.93609532
3.93609532
3.93609532
3.93609532
3.93609532
3.93609532
3.93609532
3.93609532
3.93609532
3.93609532
3.93609532
3.93609532
3.93609532
3.93609532
3.93609532
3.93609532
3.93609532
3.93609532
3.93609532
3.93609532
3.93609532
3.93609532
3.93609532
3.93609532
3.93609532
3.93609532
3.93609532
3.93609532
3.93609532
3.93609532
3.93609532
3.93609532
3.93609532
3.93609532
3.93609532
3.93609532
3.93609532
3.93609532
3.93609532
3.93609532
3.93609532
3.93609532
3.93609532
3.93609532
3.93609532
3.93609532
3.93609532
3.93609532
3.93609532
3.93609532
3.93609532
3.93609532
3.93609532
3.93609532
3.93609532
3.93609532
3.93609532
3.93609532
3.93609532
3.93609532
3.93609532
3.93609532
3.93609532
3.93609532
3.93609532
3.93609532
3.93609532
3.93609532
3.93609532
3.93609532
3.93609532
3.93609532
3.93609532
3.93609532
3.93609532
3.93609532
3.93609532
3.93609532
3.93609532
3.93609532
3.93609532
3.93609532
3.93609532
3.93609532
3.93609532
3.93609532
3.93609532
3.93609532
3.93609532
3.93609532
3.93609532
3.93609532
3.93609532
3.93609532
3.93609532
3.93609532
3.93609532
3.93609532
3.93609532
3.93609532
3.93609532
3.93609532
3.93609532
3.93609532
3.93609532
3.93609532
3.93609532
3.93609532
3.93609532
3.93609532
3.93609532
3.93609532
3.93609532
3.93609532
3.93609532
3.93609532
3.93609532
3.93609532
3.93609532
3.93609532
3.93609532
3.93609532
3.93609532
3.93609532
3.93609532
3.93609532
3.93609532
3.93609532
3.93609532
3.93609532
3.93609532
3.93609532
3.93609532
3.93609532
3.93609532
3.93609532
3.93609532
3.93609532
3.93609532
3.93609532
3.93609532
3.93609532
3.93609532
3.93609532
3.93609532
3.93609532
3.93609532
3.93609532
3.93609532
3.93609532
3.93609532
3.93609532
3.93609532
3.93609532
3.93609532
3.93609532
3.93609532
3.93609532
3.93609532
3.93609532
3.93609532
3.93609532
3.93609532
3.93609532
3.93609532
3.93609532
3.93609532
3.93609532
3.93609532
3.93609532
3.93609532
3.93609532
3.93609532
3.93609532
3.93609532
3.93609532
3.93609532
3.93609532
3.93609532
3.93609532
3.93609532
3.93609532
3.93609532
3.93609532
3.93609532
3.93609532
3.93609532
3.93609532
3.93609532
3.93609532
3.93609532
3.93609532
3.93609532
3.93609532
3.93609532
3.93609532
3.93609532
3.93609532
3.93609532
3.93609532
3.93609532
3.93609532
3.93609532
3.93609532
3.93609532
3.93609532
3.93609532
3.93609532
3.93609532
3.93609532
3.93609532
3.93609532
3.93609532
3.93609532
3.93609532
3.93609532
3.93609532
3.93609532
3.93609532
3.93609532
3.93609532
3.93609532
3.93609532
3.93609532
3.93609532
3.93609532
3.93609532
3.93609532
3.93609532
3.93609532
3.93609532
3.93609532
3.93609532
3.93609532
3.93609532
3.93609532
3.93609532
3.93609532
3.93609532
3.93609532
3.93609532
3.93609532
