5.62000000
5.70863180
5.66761021
5.60291772
5.53109488
5.45932456
5.39123237
5.32864929
5.27239697
5.22269440
5.17939496
5.14213408
5.11042529
5.08372408
5.06146959
5.04310524
5.02811022
5.01600525
5.00635637
4.99877989
4.99293828
4.98853682
4.98531877
4.98306475
4.98158751
4.98072845
4.98035540
4.98035998
4.98065229
4.98115805
4.98181339
4.98256882
4.98338634
4.98423570
4.98509270
4.98593876
4.98676070
4.98754918
4.98829505
4.98899464
4.98964614
4.99024850
4.99080219
4.99130724
4.99176528
4.99217953
4.99255296
4.99288889
4.99319003
4.99345873
4.99369725
4.99390850
4.99409531
4.99425915
4.99440119
4.99452283
4.99462584
4.99471186
4.99478333
4.99484219
4.99489017
4.99492887
4.99495992
4.99498480
4.99500467
4.99502051
4.99503311
4.99504309
4.99505097
4.99505716
4.99506201
4.99506578
4.99506869
4.99507092
4.99507262
4.99507389
4.99507482
4.99507550
4.99507597
4.99507629
4.99507649
4.99507660
4.99507664
4.99507664
4.99507659
4.99507653
4.99507645
4.99507636
4.99507626
4.99507616
4.99507607
4.99507597
4.99507588
4.99507580
4.99507572
4.99507565
4.99507558
4.99507552
4.99507546
4.99507541
4.99507537
4.99507532
4.99507529
4.99507525
4.99507522
4.99507520
4.99507517
4.99507515
4.99507513
4.99507511
4.99507510
4.99507509
4.99507507
4.99507506
4.99507505
4.99507505
4.99507504
4.99507503
4.99507503
4.99507502
4.99507502
4.99507501
4.99507501
4.99507501
4.99507500
4.99507500
4.99507500
4.99507500
4.99507500
4.99507500
4.99507499
4.99507499
4.99507499
4.99507499
4.99507499
4.99507499
4.99507499
4.99507499
4.99507499
4.99507499
4.99507499
4.99507499
4.99507499
4.99507499
4.99507499
4.99507499
4.99507499
4.99507499
4.99507499
4.99507499
4.99507499
4.99507499
4.99507499
4.99507499
4.99507499
4.99507499
4.99507499
4.99507499
4.99507499
4.99507499
4.99507499
4.99507499
4.99507499
4.99507499
4.99507499
4.99507499
4.99507499
4.99507499
4.99507499
4.99507499
4.99507499
4.99507499
4.99507499
4.99507499
4.99507499
4.99507499
4.99507499
4.99507499
4.99507499
4.99507499
4.99507499
4.99507499
4.99507499
4.99507499
4.99507499
4.99507499
4.99507499
4.99507499
4.99507499
4.99507499
4.99507499
4.99507499
4.99507499
4.99507499
4.99507499
4.99507499
4.99507499
4.99507499
4.99507499
4.99507499
4.99507499
4.99507499
4.99507499
4.99507499
4.99507499
4.99507499
4.99507499
4.99507499
4.99507499
4.99507499
4.99507499
4.99507499
4.99507499
4.99507499
4.99507499
4.99507499
4.99507499
4.99507499
4.99507499
4.99507499
4.99507499
4.99507499
4.99507499
4.99507499
4.99507499
4.99507499
4.99507499
4.99507499
4.99507499
4.99507499
4.99507499
4.99507499
4.99507499
4.99507499
4.99507499
4.99507499
4.99507499
4.99507499
4.99507499
4.99507499
4.99507499
4.99507499
4.99507499
4.99507499
4.99507499
4.99507499
4.99507499
4.99507499
4.99507499
4.99507499
4.99507499
4.99507499
4.99507499
4.99507499
4.99507499
4.99507499
4.99507499
4.99507499
4.99507499
4.99507499
4.99507499
4.99507499
4.99507499
4.99507499
4.99507499
4.99507499
4.99507499
4.99507499
4.99507499
4.99507499
4.99507499
4.99507499
4.99507499
4.99507499
4.99507499
4.99507499
4.99507499
4.99507499
4.99507499
4.99507499
4.99507499
4.99507499
4.99507499
4.99507499
4.99507499
4.99507499
4.99507499
4.99507499
4.99507499
4.99507499
4.99507499
4.99507499
4.99507499
4.99507499
4.99507499
4.99507499
4.99507499
4.99507499
4.99507499
4.99507499
4.99507499
4.99507499
4.99507499
4.99507499
4.99507499
4.99507499
4.99507499
4.99507499
4.99507499
4.99507499
4.99507499
4.99507499
4.99507499
4.99507499
4.99507499
4.99507499
4.99507499
4.99507499
4.99507499
4.99507499
4.99507499
4.99507499
4.99507499
4.99507499
4.99507499
4.99507499
4.99507499
4.99507499
4.99507499
4.99507499
4.99507499
4.99507499
4.99507499
4.99507499
4.99507499
4.99507499
4.99507499
4.99507499
4.99507499
4.99507499
4.99507499
4.99507499
4.99507499
4.99507499
4.99507499
4.99507499
4.99507499
4.99507499
4.99507499
4.99507499
4.99507499
4.99507499
4.99507499
4.99507499
4.99507499
4.99507499
4.99507499
4.99507499
4.99507499
4.99507499
4.99507499
4.99507499
4.99507499
4.99507499
4.99507499
4.99507499
4.99507499
4.99507499
4.99507499
4.99507499
4.99507499
4.99507499
4.99507499
4.99507499
4.99507499
4.99507499
4.99507499
4.99507499
4.99507499
4.99507499
4.99507499
4.99507499
4.99507499
4.99507499
4.99507499
4.99507499
4.99507499
4.99507499
4.99507499
4.99507499
4.99507499
4.99507499
4.99507499
4.99507499
4.99507499
4.99507499
4.99507499
4.99507499
4.99507499
4.99507499
4.99507499
4.99507499
4.99507499
4.99507499
4.99507499
4.99507499
4.99507499
4.99507499
4.99507499
4.99507499
4.99507499
4.99507499
4.99507499
4.99507499
4.99507499
4.99507499
4.99507499
4.99507499
4.99507499
4.99507499
4.99507499
4.99507499
4.99507499
4.99507499
4.99507499
4.99507499
4.99507499
4.99507499
4.99507499
4.99507499
4.99507499
4.99507499
4.99507499
4.99507499
4.99507499
4.99507499
4.99507499
4.99507499
4.99507499
4.99507499
4.99507499
4.99507499
4.99507499
4.99507499
4.99507499
4.99507499
4.99507499
4.99507499
4.99507499
4.99507499
4.99507499
4.99507499
4.99507499
4.99507499
4.99507499
4.99507499
4.99507499
4.99507499
4.99507499
4.99507499
4.99507499
4.99507499
4.99507499
4.99507499
4.99507499
4.99507499
4.99507499
4.99507499
4.99507499
4.99507499
4.99507499
4.99507499
4.99507499
4.99507499
4.99507499
4.99507499
4.99507499
4.99507499
4.99507499
4.99507499
4.99507499
4.99507499
4.99507499
4.99507499
4.99507499
4.99507499
4.99507499
4.99507499
4.99507499
4.99507499
4.99507499
4.99507499
4.99507499
4.99507499
4.99507499
4.99507499
4.99507499
4.99507499
4.99507499
4.99507499
4.99507499
4.99507499
4.99507499
4.99507499
4.99507499
4.99507499
4.99507499
4.99507499
4.99507499
4.99507499
4.99507499
4.99507499
4.99507499
4.99507499
4.99507499
4.99507499
4.99507499
4.99507499
4.99507499
4.99507499
4.99507499
4.99507499
4.99507499
4.99507499
4.99507499
4.99507499
4.99507499
4.99507499
4.99507499
4.99507499
4.99507499
4.99507499
4.99507499
4.99507499
4.99507499
4.99507499
4.99507499
4.99507499
4.99507499
4.99507499
4.99507499
4.99507499
4.99507499
4.99507499
4.99507499
4.99507499
4.99507499
4.99507499
4.99507499
4.99507499
4.99507499
4.99507499
4.99507499
4.99507499
4.99507499
4.99507499
4.99507499
4.99507499
4.99507499
4.99507499
4.99507499
4.99507499
4.99507499
4.99507499
4.99507499
4.99507499
4.99507499
4.99507499
4.99507499
4.99507499
4.99507499
4.99507499
4.99507499
4.99507499
4.99507499
4.99507499
4.99507499
4.99507499
4.99507499
4.99507499
4.99507499
4.99507499
4.99507499
4.99507499
4.99507499
4.99507499
4.99507499
4.99507499
4.99507499
4.99507499
4.99507499
4.99507499
4.99507499
4.99507499
4.99507499
4.99507499
4.99507499
4.99507499
4.99507499
4.99507499
4.99507499
4.99507499
4.99507499
4.99507499
4.99507499
4.99507499
4.99507499
4.99507499
4.99507499
4.99507499
4.99507499
4.99507499
4.99507499
4.99507499
4.99507499
4.99507499
4.99507499
4.99507499
4.99507499
4.99507499
4.99507499
4.99507499
4.99507499
4.99507499
4.99507499
4.99507499
4.99507499
4.99507499
4.99507499
4.99507499
4.99507499
4.99507499
4.99507499
4.99507499
4.99507499
4.99507499
4.99507499
4.99507499
4.99507499
4.99507499
4.99507499
4.99507499
4.99507499
4.99507499
4.99507499
4.99507499
4.99507499
4.99507499
4.99507499
4.99507499
4.99507499
4.99507499
4.99507499
4.99507499
4.99507499
4.99507499
4.99507499
4.99507499
4.99507499
4.99507499
4.99507499
4.99507499
4.99507499
4.99507499
4.99507499
4.99507499
4.99507499
4.99507499
4.99507499
4.99507499
4.99507499
4.99507499
4.99507499
4.99507499
4.99507499
4.99507499
4.99507499
4.99507499
4.99507499
4.99507499
4.99507499
4.99507499
4.99507499
4.99507499
4.99507499
4.99507499
4.99507499
4.99507499
4.99507499
4.99507499
4.99507499
4.99507499
4.99507499
4.99507499
4.99507499
4.99507499
4.99507499
4.99507499
4.99507499
4.99507499
4.99507499
4.99507499
4.99507499
4.99507499
4.99507499
4.99507499
4.99507499
4.99507499
4.99507499
4.99507499
4.99507499
4.99507499
4.99507499
4.99507499
4.99507499
4.99507499
4.99507499
4.99507499
4.99507499
4.99507499
4.99507499
4.99507499
4.99507499
4.99507499
4.99507499
4.99507499
4.99507499
4.99507499
4.99507499
4.99507499
4.99507499
4.99507499
4.99507499
4.99507499
4.99507499
4.99507499
4.99507499
4.99507499
4.99507499
4.99507499
4.99507499
4.99507499
4.99507499
4.99507499
4.99507499
4.99507499
4.99507499
4.99507499
4.99507499
4.99507499
4.99507499
4.99507499
4.99507499
4.99507499
4.99507499
4.99507499
4.99507499
4.99507499
4.99507499
4.99507499
4.99507499
4.99507499
4.99507499
4.99507499
4.99507499
4.99507499
4.99507499
4.99507499
4.99507499
4.99507499
4.99507499
4.99507499
4.99507499
4.99507499
4.99507499
4.99507499
4.99507499
4.99507499
4.99507499
4.99507499
4.99507499
4.99507499
4.99507499
4.99507499
4.99507499
4.99507499
4.99507499
4.99507499
4.99507499
4.99507499
4.99507499
4.99507499
4.99507499
4.99507499
4.99507499
4.99507499
4.99507499
4.99507499
4.99507499
4.99507499
4.99507499
4.99507499
4.99507499
4.99507499
4.99507499
4.99507499
4.99507499
4.99507499
4.99507499
4.99507499
4.99507499
4.99507499
4.99507499
4.99507499
4.99507499
4.99507499
4.99507499
4.99507499
4.99507499
4.99507499
4.99507499
4.99507499
4.99507499
4.99507499
4.99507499
4.99507499
4.99507499
4.99507499
4.99507499
4.99507499
4.99507499
4.99507499
4.99507499
4.99507499
4.99507499
4.99507499
4.99507499
4.99507499
4.99507499
4.99507499
4.99507499
4.99507499
4.99507499
4.99507499
4.99507499
4.99507499
4.99507499
4.99507499
4.99507499
4.99507499
4.99507499
4.99507499
4.99507499
4.99507499
4.99507499
4.99507499
4.99507499
4.99507499
4.99507499
4.99507499
4.99507499
4.99507499
4.99507499
4.99507499
4.99507499
4.99507499
4.99507499
4.99507499
4.99507499
4.99507499
4.99507499
4.99507499
4.99507499
4.99507499
4.99507499
4.99507499
4.99507499
4.99507499
4.99507499
4.99507499
4.99507499
4.99507499
4.99507499
4.99507499
4.99507499
4.99507499
4.99507499
4.99507499
4.99507499
4.99507499
4.99507499
4.99507499
4.99507499
4.99507499
4.99507499
4.99507499
4.99507499
4.99507499
4.99507499
4.99507499
4.99507499
4.99507499
4.99507499
4.99507499
4.99507499
4.99507499
4.99507499
4.99507499
4.99507499
4.99507499
4.99507499
4.99507499
4.99507499
4.99507499
4.99507499
4.99507499
4.99507499
4.99507499
4.99507499
4.99507499
4.99507499
4.99507499
4.99507499
4.99507499
4.99507499
4.99507499
4.99507499
4.99507499
4.99507499
4.99507499
4.99507499
4.99507499
4.99507499
4.99507499
4.99507499
4.99507499
4.99507499
4.99507499
4.99507499
4.99507499
4.99507499
4.99507499
4.99507499
4.99507499
4.99507499
4.99507499
4.99507499
4.99507499
4.99507499
4.99507499
4.99507499
4.99507499
4.99507499
4.99507499
4.99507499
4.99507499
4.99507499
4.99507499
4.99507499
4.99507499
4.99507499
4.99507499
4.99507499
4.99507499
4.99507499
4.99507499
4.99507499
4.99507499
4.99507499
4.99507499
4.99507499
4.99507499
4.99507499
4.99507499
4.99507499
4.99507499
4.99507499
4.99507499
4.99507499
4.99507499
4.99507499
4.99507499
4.99507499
4.99507499
4.99507499
4.99507499
4.99507499
4.99507499
4.99507499
4.99507499
4.99507499
4.99507499
4.99507499
4.99507499
4.99507499
4.99507499
4.99507499
4.99507499
4.99507499
4.99507499
