5.16494845
5.28202541
5.29652058
5.28197274
5.25537851
5.22421325
5.19236111
5.16186246
5.13373977
5.10850076
5.08636597
5.06733430
5.05121632
5.03768933
5.02641366
5.01707660
5.00941457
5.00320337
4.99824389
4.99435093
4.99135181
4.98910372
4.98747775
4.98636245
4.98566075
4.98528781
4.98517151
4.98525537
4.98549222
4.98583905
4.98625273
4.98670139
4.98714866
4.98757467
4.98795542
4.98828179
4.98855597
4.98878378
4.98897310
4.98913046
4.98926127
4.98937003
4.98946045
4.98953564
4.98959817
4.98965016
4.98969341
4.98972937
4.98975929
4.98978417
4.98980486
4.98982207
4.98983639
4.98984829
4.98985820
4.98986644
4.98987329
4.98987899
4.98988373
4.98988767
4.98989095
4.98989368
4.98989595
4.98989784
4.98989940
4.98990071
4.98990180
4.98990270
4.98990345
4.98990408
4.98990460
4.98990503
4.98990539
4.98990569
4.98990593
4.98990614
4.98990631
4.98990646
4.98990658
4.98990667
4.98990676
4.98990682
4.98990688
4.98990693
4.98990697
4.98990700
4.98990703
4.98990705
4.98990707
4.98990709
4.98990710
4.98990711
4.98990712
4.98990713
4.98990713
4.98990714
4.98990714
4.98990715
4.98990715
4.98990715
4.98990715
4.98990715
4.98990716
4.98990716
4.98990716
4.98990716
4.98990716
4.98990716
4.98990716
4.98990716
4.98990716
4.98990716
4.98990716
4.98990716
4.98990716
4.98990716
4.98990716
4.98990716
4.98990716
4.98990716
4.98990716
4.98990716
4.98990716
4.98990716
4.98990716
4.98990716
4.98990716
4.98990716
4.98990716
4.98990716
4.98990716
4.98990716
4.98990716
4.98990716
4.98990716
4.98990716
4.98990716
4.98990716
4.98990716
4.98990716
4.98990716
4.98990716
4.98990716
4.98990716
4.98990716
4.98990716
4.98990716
4.98990716
4.98990716
4.98990716
4.98990716
4.98990716
4.98990716
4.98990716
4.98990716
4.98990716
4.98990716
4.98990716
4.98990716
4.98990716
4.98990716
4.98990716
4.98990716
4.98990716
4.98990716
4.98990716
4.98990716
4.98990716
4.98990716
4.98990716
4.98990716
4.98990716
4.98990716
4.98990716
4.98990716
4.98990716
4.98990716
4.98990716
4.98990716
4.98990716
4.98990716
4.98990716
4.98990716
4.98990716
4.98990716
4.98990716
4.98990716
4.98990716
4.98990716
4.98990716
4.98990716
4.98990716
4.98990716
4.98990716
4.98990716
4.98990716
4.98990716
4.98990716
4.98990716
4.98990716
4.98990716
4.98990716
4.98990716
4.98990716
4.98990716
4.98990716
4.98990716
4.98990716
4.98990716
4.98990716
4.98990716
4.98990716
4.98990716
4.98990716
4.98990716
4.98990716
4.98990716
4.98990716
4.98990716
4.98990716
4.98990716
4.98990716
4.98990716
4.98990716
4.98990716
4.98990716
4.98990716
4.98990716
4.98990716
4.98990716
4.98990716
4.98990716
4.98990716
4.98990716
4.98990716
4.98990716
4.98990716
4.98990716
4.98990716
4.98990716
4.98990716
4.98990716
4.98990716
4.98990716
4.98990716
4.98990716
4.98990716
4.98990716
4.98990716
4.98990716
4.98990716
4.98990716
4.98990716
4.98990716
4.98990716
4.98990716
4.98990716
4.98990716
4.98990716
4.98990716
4.98990716
4.98990716
4.98990716
4.98990716
4.98990716
4.98990716
4.98990716
4.98990716
4.98990716
4.98990716
4.98990716
4.98990716
4.98990716
4.98990716
4.98990716
4.98990716
4.98990716
4.98990716
4.98990716
4.98990716
4.98990716
4.98990716
4.98990716
4.98990716
4.98990716
4.98990716
4.98990716
4.98990716
4.98990716
4.98990716
4.98990716
4.98990716
4.98990716
4.98990716
4.98990716
4.98990716
4.98990716
4.98990716
4.98990716
4.98990716
4.98990716
4.98990716
4.98990716
4.98990716
4.98990716
4.98990716
4.98990716
4.98990716
4.98990716
4.98990716
4.98990716
4.98990716
4.98990716
4.98990716
4.98990716
4.98990716
4.98990716
4.98990716
4.98990716
4.98990716
4.98990716
4.98990716
4.98990716
4.98990716
4.98990716
4.98990716
4.98990716
4.98990716
4.98990716
4.98990716
4.98990716
4.98990716
4.98990716
4.98990716
4.98990716
4.98990716
4.98990716
4.98990716
4.98990716
4.98990716
4.98990716
4.98990716
4.98990716
4.98990716
4.98990716
4.98990716
4.98990716
4.98990716
4.98990716
4.98990716
4.98990716
4.98990716
4.98990716
4.98990716
4.98990716
4.98990716
4.98990716
4.98990716
4.98990716
4.98990716
4.98990716
4.98990716
4.98990716
4.98990716
4.98990716
4.98990716
4.98990716
4.98990716
4.98990716
4.98990716
4.98990716
4.98990716
4.98990716
4.98990716
4.98990716
4.98990716
4.98990716
4.98990716
4.98990716
4.98990716
4.98990716
4.98990716
4.98990716
4.98990716
4.98990716
4.98990716
4.98990716
4.98990716
4.98990716
4.98990716
4.98990716
4.98990716
4.98990716
4.98990716
4.98990716
4.98990716
4.98990716
4.98990716
4.98990716
4.98990716
4.98990716
4.98990716
4.98990716
4.98990716
4.98990716
4.98990716
4.98990716
4.98990716
4.98990716
4.98990716
4.98990716
4.98990716
4.98990716
4.98990716
4.98990716
4.98990716
4.98990716
4.98990716
4.98990716
4.98990716
4.98990716
4.98990716
4.98990716
4.98990716
4.98990716
4.98990716
4.98990716
4.98990716
4.98990716
4.98990716
4.98990716
4.98990716
4.98990716
4.98990716
4.98990716
4.98990716
4.98990716
4.98990716
4.98990716
4.98990716
4.98990716
4.98990716
4.98990716
4.98990716
4.98990716
4.98990716
4.98990716
4.98990716
4.98990716
4.98990716
4.98990716
4.98990716
4.98990716
4.98990716
4.98990716
4.98990716
4.98990716
4.98990716
4.98990716
4.98990716
4.98990716
4.98990716
4.98990716
4.98990716
4.98990716
4.98990716
4.98990716
4.98990716
4.98990716
4.98990716
4.98990716
4.98990716
4.98990716
4.98990716
4.98990716
4.98990716
4.98990716
4.98990716
4.98990716
4.98990716
4.98990716
4.98990716
4.98990716
4.98990716
4.98990716
4.98990716
4.98990716
4.98990716
4.98990716
4.98990716
4.98990716
4.98990716
4.98990716
4.98990716
4.98990716
4.98990716
4.98990716
4.98990716
4.98990716
4.98990716
4.98990716
4.98990716
4.98990716
4.98990716
4.98990716
4.98990716
4.98990716
4.98990716
4.98990716
4.98990716
4.98990716
4.98990716
4.98990716
4.98990716
4.98990716
4.98990716
4.98990716
4.98990716
4.98990716
4.98990716
4.98990716
4.98990716
4.98990716
4.98990716
4.98990716
4.98990716
4.98990716
4.98990716
4.98990716
4.98990716
4.98990716
4.98990716
4.98990716
4.98990716
4.98990716
4.98990716
4.98990716
4.98990716
4.98990716
4.98990716
4.98990716
4.98990716
4.98990716
4.98990716
4.98990716
4.98990716
4.98990716
4.98990716
4.98990716
4.98990716
4.98990716
4.98990716
4.98990716
4.98990716
4.98990716
4.98990716
4.98990716
4.98990716
4.98990716
4.98990716
4.98990716
4.98990716
4.98990716
4.98990716
4.98990716
4.98990716
4.98990716
4.98990716
4.98990716
4.98990716
4.98990716
4.98990716
4.98990716
4.98990716
4.98990716
4.98990716
4.98990716
4.98990716
4.98990716
4.98990716
4.98990716
4.98990716
4.98990716
4.98990716
4.98990716
4.98990716
4.98990716
4.98990716
4.98990716
4.98990716
4.98990716
4.98990716
4.98990716
4.98990716
4.98990716
4.98990716
4.98990716
4.98990716
4.98990716
4.98990716
4.98990716
4.98990716
4.98990716
4.98990716
4.98990716
4.98990716
4.98990716
4.98990716
4.98990716
4.98990716
4.98990716
4.98990716
4.98990716
4.98990716
4.98990716
4.98990716
4.98990716
4.98990716
4.98990716
4.98990716
4.98990716
4.98990716
4.98990716
4.98990716
4.98990716
4.98990716
4.98990716
4.98990716
4.98990716
4.98990716
4.98990716
4.98990716
4.98990716
4.98990716
4.98990716
4.98990716
4.98990716
4.98990716
4.98990716
4.98990716
4.98990716
4.98990716
4.98990716
4.98990716
4.98990716
4.98990716
4.98990716
4.98990716
4.98990716
4.98990716
4.98990716
4.98990716
4.98990716
4.98990716
4.98990716
4.98990716
4.98990716
4.98990716
4.98990716
4.98990716
4.98990716
4.98990716
4.98990716
4.98990716
4.98990716
4.98990716
4.98990716
4.98990716
4.98990716
4.98990716
4.98990716
4.98990716
4.98990716
4.98990716
4.98990716
4.98990716
4.98990716
4.98990716
4.98990716
4.98990716
4.98990716
4.98990716
4.98990716
4.98990716
4.98990716
4.98990716
4.98990716
4.98990716
4.98990716
4.98990716
4.98990716
4.98990716
4.98990716
4.98990716
4.98990716
4.98990716
4.98990716
4.98990716
4.98990716
4.98990716
4.98990716
4.98990716
4.98990716
4.98990716
4.98990716
4.98990716
4.98990716
4.98990716
4.98990716
4.98990716
4.98990716
4.98990716
4.98990716
4.98990716
4.98990716
4.98990716
4.98990716
4.98990716
4.98990716
4.98990716
4.98990716
4.98990716
4.98990716
4.98990716
4.98990716
4.98990716
4.98990716
4.98990716
4.98990716
4.98990716
4.98990716
4.98990716
4.98990716
4.98990716
4.98990716
4.98990716
4.98990716
4.98990716
4.98990716
4.98990716
4.98990716
4.98990716
4.98990716
4.98990716
4.98990716
4.98990716
4.98990716
4.98990716
4.98990716
4.98990716
4.98990716
4.98990716
4.98990716
4.98990716
4.98990716
4.98990716
4.98990716
4.98990716
4.98990716
4.98990716
4.98990716
4.98990716
4.98990716
4.98990716
4.98990716
4.98990716
4.98990716
4.98990716
4.98990716
4.98990716
4.98990716
4.98990716
4.98990716
4.98990716
4.98990716
4.98990716
4.98990716
4.98990716
4.98990716
4.98990716
4.98990716
4.98990716
4.98990716
4.98990716
4.98990716
4.98990716
4.98990716
4.98990716
4.98990716
4.98990716
4.98990716
4.98990716
4.98990716
4.98990716
4.98990716
4.98990716
4.98990716
4.98990716
4.98990716
4.98990716
4.98990716
4.98990716
4.98990716
4.98990716
4.98990716
4.98990716
4.98990716
4.98990716
4.98990716
4.98990716
4.98990716
4.98990716
4.98990716
4.98990716
4.98990716
4.98990716
4.98990716
4.98990716
4.98990716
4.98990716
4.98990716
4.98990716
4.98990716
4.98990716
4.98990716
4.98990716
4.98990716
4.98990716
4.98990716
4.98990716
4.98990716
4.98990716
4.98990716
4.98990716
4.98990716
4.98990716
4.98990716
4.98990716
4.98990716
4.98990716
4.98990716
4.98990716
4.98990716
4.98990716
4.98990716
4.98990716
4.98990716
4.98990716
4.98990716
4.98990716
4.98990716
4.98990716
4.98990716
4.98990716
4.98990716
4.98990716
4.98990716
4.98990716
4.98990716
4.98990716
4.98990716
4.98990716
4.98990716
4.98990716
4.98990716
4.98990716
4.98990716
4.98990716
4.98990716
4.98990716
4.98990716
4.98990716
4.98990716
4.98990716
4.98990716
4.98990716
4.98990716
4.98990716
4.98990716
4.98990716
4.98990716
4.98990716
4.98990716
4.98990716
4.98990716
4.98990716
4.98990716
4.98990716
4.98990716
4.98990716
4.98990716
4.98990716
4.98990716
4.98990716
4.98990716
4.98990716
4.98990716
4.98990716
4.98990716
4.98990716
4.98990716
4.98990716
4.98990716
4.98990716
4.98990716
4.98990716
4.98990716
4.98990716
4.98990716
4.98990716
4.98990716
4.98990716
4.98990716
4.98990716
4.98990716
4.98990716
4.98990716
4.98990716
4.98990716
4.98990716
4.98990716
4.98990716
4.98990716
4.98990716
4.98990716
4.98990716
4.98990716
4.98990716
4.98990716
4.98990716
4.98990716
4.98990716
4.98990716
4.98990716
4.98990716
4.98990716
4.98990716
4.98990716
4.98990716
4.98990716
4.98990716
4.98990716
4.98990716
4.98990716
4.98990716
4.98990716
4.98990716
4.98990716
4.98990716
4.98990716
4.98990716
4.98990716
4.98990716
4.98990716
4.98990716
4.98990716
4.98990716
4.98990716
4.98990716
4.98990716
4.98990716
4.98990716
4.98990716
4.98990716
4.98990716
4.98990716
4.98990716
4.98990716
4.98990716
4.98990716
4.98990716
4.98990716
4.98990716
4.98990716
4.98990716
4.98990716
4.98990716
4.98990716
4.98990716
4.98990716
4.98990716
4.98990716
4.98990716
4.98990716
4.98990716
4.98990716
4.98990716
4.98990716
4.98990716
4.98990716
4.98990716
4.98990716
4.98990716
4.98990716
4.98990716
4.98990716
4.98990716
4.98990716
4.98990716
4.98990716
