5.16494845
5.28202541
5.29652058
5.28137032
5.25355920
5.22066213
5.18671287
5.15388375
5.12332930
5.09563731
5.07104869
5.04957443
5.03108429
5.01536623
5.00216418
4.99120420
4.98221237
4.97492606
4.96910063
4.96451265
4.96096524
4.95828469
4.95631941
4.95493819
4.95402861
4.95349541
4.95325849
4.95325102
4.95341766
4.95371295
4.95409982
4.95454833
4.95503456
4.95553961
4.95604881
4.95655099
4.95703782
4.95750331
4.95794334
4.95835529
4.95873773
4.95909015
4.95941273
4.95970621
4.95997171
4.96021062
4.96042454
4.96061514
4.96078415
4.96093334
4.96106440
4.96117899
4.96127869
4.96136499
4.96143929
4.96150289
4.96155700
4.96160270
4.96164103
4.96167288
4.96169909
4.96172040
4.96173747
4.96175090
4.96176121
4.96176887
4.96177429
4.96177782
4.96177979
4.96178046
4.96178007
4.96177883
4.96177691
4.96177446
4.96177161
4.96176847
4.96176512
4.96176165
4.96175811
4.96175455
4.96175103
4.96174756
4.96174418
4.96174090
4.96173775
4.96173472
4.96173183
4.96172909
4.96172648
4.96172402
4.96172170
4.96171952
4.96171747
4.96171555
4.96171375
4.96171207
4.96171050
4.96170904
4.96170768
4.96170641
4.96170524
4.96170414
4.96170313
4.96170219
4.96170131
4.96170050
4.96169975
4.96169905
4.96169841
4.96169781
4.96169725
4.96169674
4.96169626
4.96169582
4.96169541
4.96169503
4.96169468
4.96169435
4.96169405
4.96169376
4.96169350
4.96169326
4.96169303
4.96169283
4.96169263
4.96169245
4.96169228
4.96169213
4.96169198
4.96169185
4.96169172
4.96169160
4.96169150
4.96169139
4.96169130
4.96169121
4.96169113
4.96169106
4.96169098
4.96169092
4.96169086
4.96169080
4.96169075
4.96169070
4.96169065
4.96169061
4.96169057
4.96169053
4.96169049
4.96169046
4.96169043
4.96169040
4.96169038
4.96169035
4.96169033
4.96169031
4.96169029
4.96169027
4.96169025
4.96169024
4.96169022
4.96169021
4.96169019
4.96169018
4.96169017
4.96169016
4.96169015
4.96169014
4.96169013
4.96169012
4.96169012
4.96169011
4.96169010
4.96169010
4.96169009
4.96169009
4.96169008
4.96169008
4.96169007
4.96169007
4.96169007
4.96169006
4.96169006
4.96169006
4.96169005
4.96169005
4.96169005
4.96169005
4.96169005
4.96169004
4.96169004
4.96169004
4.96169004
4.96169004
4.96169004
4.96169003
4.96169003
4.96169003
4.96169003
4.96169003
4.96169003
4.96169003
4.96169003
4.96169003
4.96169003
4.96169003
4.96169003
4.96169003
4.96169002
4.96169002
4.96169002
4.96169002
4.96169002
4.96169002
4.96169002
4.96169002
4.96169002
4.96169002
4.96169002
4.96169002
4.96169002
4.96169002
4.96169002
4.96169002
4.96169002
4.96169002
4.96169002
4.96169002
4.96169002
4.96169002
4.96169002
4.96169002
4.96169002
4.96169002
4.96169002
4.96169002
4.96169002
4.96169002
4.96169002
4.96169002
4.96169002
4.96169002
4.96169002
4.96169002
4.96169002
4.96169002
4.96169002
4.96169002
4.96169002
4.96169002
4.96169002
4.96169002
4.96169002
4.96169002
4.96169002
4.96169002
4.96169002
4.96169002
4.96169002
4.96169002
4.96169002
4.96169002
4.96169002
4.96169002
4.96169002
4.96169002
4.96169002
4.96169002
4.96169002
4.96169002
4.96169002
4.96169002
4.96169002
4.96169002
4.96169002
4.96169002
4.96169002
4.96169002
4.96169002
4.96169002
4.96169002
4.96169002
4.96169002
4.96169002
4.96169002
4.96169002
4.96169002
4.96169002
4.96169002
4.96169002
4.96169002
4.96169002
4.96169002
4.96169002
4.96169002
4.96169002
4.96169002
4.96169002
4.96169002
4.96169002
4.96169002
4.96169002
4.96169002
4.96169002
4.96169002
4.96169002
4.96169002
4.96169002
4.96169002
4.96169002
4.96169002
4.96169002
4.96169002
4.96169002
4.96169002
4.96169002
4.96169002
4.96169002
4.96169002
4.96169002
4.96169002
4.96169002
4.96169002
4.96169002
4.96169002
4.96169002
4.96169002
4.96169002
4.96169002
4.96169002
4.96169002
4.96169002
4.96169002
4.96169002
4.96169002
4.96169002
4.96169002
4.96169002
4.96169002
4.96169002
4.96169002
4.96169002
4.96169002
4.96169002
4.96169002
4.96169002
4.96169002
4.96169002
4.96169002
4.96169002
4.96169002
4.96169002
4.96169002
4.96169002
4.96169002
4.96169002
4.96169002
4.96169002
4.96169002
4.96169002
4.96169002
4.96169002
4.96169002
4.96169002
4.96169002
4.96169002
4.96169002
4.96169002
4.96169002
4.96169002
4.96169002
4.96169002
4.96169002
4.96169002
4.96169002
4.96169002
4.96169002
4.96169002
4.96169002
4.96169002
4.96169002
4.96169002
4.96169002
4.96169002
4.96169002
4.96169002
4.96169002
4.96169002
4.96169002
4.96169002
4.96169002
4.96169002
4.96169002
4.96169002
4.96169002
4.96169002
4.96169002
4.96169002
4.96169002
4.96169002
4.96169002
4.96169002
4.96169002
4.96169002
4.96169002
4.96169002
4.96169002
4.96169002
4.96169002
4.96169002
4.96169002
4.96169002
4.96169002
4.96169002
4.96169002
4.96169002
4.96169002
4.96169002
4.96169002
4.96169002
4.96169002
4.96169002
4.96169002
4.96169002
4.96169002
4.96169002
4.96169002
4.96169002
4.96169002
4.96169002
4.96169002
4.96169002
4.96169002
4.96169002
4.96169002
4.96169002
4.96169002
4.96169002
4.96169002
4.96169002
4.96169002
4.96169002
4.96169002
4.96169002
4.96169002
4.96169002
4.96169002
4.96169002
4.96169002
4.96169002
4.96169002
4.96169002
4.96169002
4.96169002
4.96169002
4.96169002
4.96169002
4.96169002
4.96169002
4.96169002
4.96169002
4.96169002
4.96169002
4.96169002
4.96169002
4.96169002
4.96169002
4.96169002
4.96169002
4.96169002
4.96169002
4.96169002
4.96169002
4.96169002
4.96169002
4.96169002
4.96169002
4.96169002
4.96169002
4.96169002
4.96169002
4.96169002
4.96169002
4.96169002
4.96169002
4.96169002
4.96169002
4.96169002
4.96169002
4.96169002
4.96169002
4.96169002
4.96169002
4.96169002
4.96169002
4.96169002
4.96169002
4.96169002
4.96169002
4.96169002
4.96169002
4.96169002
4.96169002
4.96169002
4.96169002
4.96169002
4.96169002
4.96169002
4.96169002
4.96169002
4.96169002
4.96169002
4.96169002
4.96169002
4.96169002
4.96169002
4.96169002
4.96169002
4.96169002
4.96169002
4.96169002
4.96169002
4.96169002
4.96169002
4.96169002
4.96169002
4.96169002
4.96169002
4.96169002
4.96169002
4.96169002
4.96169002
4.96169002
4.96169002
4.96169002
4.96169002
4.96169002
4.96169002
4.96169002
4.96169002
4.96169002
4.96169002
4.96169002
4.96169002
4.96169002
4.96169002
4.96169002
4.96169002
4.96169002
4.96169002
4.96169002
4.96169002
4.96169002
4.96169002
4.96169002
4.96169002
4.96169002
4.96169002
4.96169002
4.96169002
4.96169002
4.96169002
4.96169002
4.96169002
4.96169002
4.96169002
4.96169002
4.96169002
4.96169002
4.96169002
4.96169002
4.96169002
4.96169002
4.96169002
4.96169002
4.96169002
4.96169002
4.96169002
4.96169002
4.96169002
4.96169002
4.96169002
4.96169002
4.96169002
4.96169002
4.96169002
4.96169002
4.96169002
4.96169002
4.96169002
4.96169002
4.96169002
4.96169002
4.96169002
4.96169002
4.96169002
4.96169002
4.96169002
4.96169002
4.96169002
4.96169002
4.96169002
4.96169002
4.96169002
4.96169002
4.96169002
4.96169002
4.96169002
4.96169002
4.96169002
4.96169002
4.96169002
4.96169002
4.96169002
4.96169002
4.96169002
4.96169002
4.96169002
4.96169002
4.96169002
4.96169002
4.96169002
4.96169002
4.96169002
4.96169002
4.96169002
4.96169002
4.96169002
4.96169002
4.96169002
4.96169002
4.96169002
4.96169002
4.96169002
4.96169002
4.96169002
4.96169002
4.96169002
4.96169002
4.96169002
4.96169002
4.96169002
4.96169002
4.96169002
4.96169002
4.96169002
4.96169002
4.96169002
4.96169002
4.96169002
4.96169002
4.96169002
4.96169002
4.96169002
4.96169002
4.96169002
4.96169002
4.96169002
4.96169002
4.96169002
4.96169002
4.96169002
4.96169002
4.96169002
4.96169002
4.96169002
4.96169002
4.96169002
4.96169002
4.96169002
4.96169002
4.96169002
4.96169002
4.96169002
4.96169002
4.96169002
4.96169002
4.96169002
4.96169002
4.96169002
4.96169002
4.96169002
4.96169002
4.96169002
4.96169002
4.96169002
4.96169002
4.96169002
4.96169002
4.96169002
4.96169002
4.96169002
4.96169002
4.96169002
4.96169002
4.96169002
4.96169002
4.96169002
4.96169002
4.96169002
4.96169002
4.96169002
4.96169002
4.96169002
4.96169002
4.96169002
4.96169002
4.96169002
4.96169002
4.96169002
4.96169002
4.96169002
4.96169002
4.96169002
4.96169002
4.96169002
4.96169002
4.96169002
4.96169002
4.96169002
4.96169002
4.96169002
4.96169002
4.96169002
4.96169002
4.96169002
4.96169002
4.96169002
4.96169002
4.96169002
4.96169002
4.96169002
4.96169002
4.96169002
4.96169002
4.96169002
4.96169002
4.96169002
4.96169002
4.96169002
4.96169002
4.96169002
4.96169002
4.96169002
4.96169002
4.96169002
4.96169002
4.96169002
4.96169002
4.96169002
4.96169002
4.96169002
4.96169002
4.96169002
4.96169002
4.96169002
4.96169002
4.96169002
4.96169002
4.96169002
4.96169002
4.96169002
4.96169002
4.96169002
4.96169002
4.96169002
4.96169002
4.96169002
4.96169002
4.96169002
4.96169002
4.96169002
4.96169002
4.96169002
4.96169002
4.96169002
4.96169002
4.96169002
4.96169002
4.96169002
4.96169002
4.96169002
4.96169002
4.96169002
4.96169002
4.96169002
4.96169002
4.96169002
4.96169002
4.96169002
4.96169002
4.96169002
4.96169002
4.96169002
4.96169002
4.96169002
4.96169002
4.96169002
4.96169002
4.96169002
4.96169002
4.96169002
4.96169002
4.96169002
4.96169002
4.96169002
4.96169002
4.96169002
4.96169002
4.96169002
4.96169002
4.96169002
4.96169002
4.96169002
4.96169002
4.96169002
4.96169002
4.96169002
4.96169002
4.96169002
4.96169002
4.96169002
4.96169002
4.96169002
4.96169002
4.96169002
4.96169002
4.96169002
4.96169002
4.96169002
4.96169002
4.96169002
4.96169002
4.96169002
4.96169002
4.96169002
4.96169002
4.96169002
4.96169002
4.96169002
4.96169002
4.96169002
4.96169002
4.96169002
4.96169002
4.96169002
4.96169002
4.96169002
4.96169002
4.96169002
4.96169002
4.96169002
4.96169002
4.96169002
4.96169002
4.96169002
4.96169002
4.96169002
4.96169002
4.96169002
4.96169002
4.96169002
4.96169002
4.96169002
4.96169002
4.96169002
4.96169002
4.96169002
4.96169002
4.96169002
4.96169002
4.96169002
4.96169002
4.96169002
4.96169002
4.96169002
4.96169002
4.96169002
4.96169002
4.96169002
4.96169002
4.96169002
4.96169002
4.96169002
4.96169002
4.96169002
4.96169002
4.96169002
4.96169002
4.96169002
4.96169002
4.96169002
4.96169002
4.96169002
4.96169002
4.96169002
4.96169002
4.96169002
4.96169002
4.96169002
4.96169002
4.96169002
4.96169002
4.96169002
4.96169002
4.96169002
4.96169002
4.96169002
4.96169002
4.96169002
4.96169002
4.96169002
4.96169002
4.96169002
4.96169002
4.96169002
4.96169002
4.96169002
4.96169002
4.96169002
4.96169002
4.96169002
4.96169002
4.96169002
4.96169002
4.96169002
4.96169002
4.96169002
4.96169002
4.96169002
4.96169002
4.96169002
4.96169002
4.96169002
4.96169002
4.96169002
4.96169002
4.96169002
4.96169002
4.96169002
4.96169002
4.96169002
4.96169002
4.96169002
4.96169002
4.96169002
4.96169002
4.96169002
4.96169002
4.96169002
4.96169002
4.96169002
4.96169002
4.96169002
4.96169002
4.96169002
4.96169002
4.96169002
4.96169002
4.96169002
4.96169002
4.96169002
4.96169002
4.96169002
4.96169002
4.96169002
4.96169002
4.96169002
4.96169002
4.96169002
4.96169002
4.96169002
4.96169002
4.96169002
4.96169002
4.96169002
4.96169002
4.96169002
4.96169002
4.96169002
4.96169002
4.96169002
4.96169002
4.96169002
4.96169002
4.96169002
4.96169002
4.96169002
4.96169002
4.96169002
4.96169002
4.96169002
4.96169002
4.96169002
4.96169002
4.96169002
4.96169002
4.96169002
4.96169002
4.96169002
