5.01063830
5.15207661
5.18586446
5.18806597
5.17622783
5.15805232
5.13757393
5.11698703
5.09747102
5.07964168
5.06372197
5.04970287
5.03740387
5.02670931
5.01746598
5.00954693
5.00282832
4.99719373
4.99251350
4.98866472
4.98553398
4.98302394
4.98105458
4.97954472
4.97842089
4.97761749
4.97707576
4.97674616
4.97658608
4.97656067
4.97664024
4.97680015
4.97702093
4.97728788
4.97758681
4.97790674
4.97823860
4.97857472
4.97890936
4.97923849
4.97955852
4.97986721
4.98016302
4.98044459
4.98071136
4.98096288
4.98119917
4.98142025
4.98162640
4.98181831
4.98199632
4.98216098
4.98231305
4.98245317
4.98258228
4.98270116
4.98281032
4.98291045
4.98300208
4.98308581
4.98316224
4.98323186
4.98329530
4.98335287
4.98340466
4.98345086
4.98349190
4.98352813
4.98355976
4.98358733
4.98361104
4.98363109
4.98364786
4.98366184
4.98367350
4.98368322
4.98369132
4.98369807
4.98370371
4.98370840
4.98371232
4.98371558
4.98371830
4.98372057
4.98372246
4.98372404
4.98372536
4.98372645
4.98372737
4.98372813
4.98372876
4.98372929
4.98372974
4.98373010
4.98373041
4.98373067
4.98373088
4.98373106
4.98373121
4.98373133
4.98373143
4.98373152
4.98373159
4.98373165
4.98373170
4.98373174
4.98373178
4.98373181
4.98373183
4.98373185
4.98373187
4.98373188
4.98373189
4.98373190
4.98373191
4.98373192
4.98373192
4.98373193
4.98373193
4.98373194
4.98373194
4.98373194
4.98373194
4.98373194
4.98373194
4.98373195
4.98373195
4.98373195
4.98373195
4.98373195
4.98373195
4.98373195
4.98373195
4.98373195
4.98373195
4.98373195
4.98373195
4.98373195
4.98373195
4.98373195
4.98373195
4.98373195
4.98373195
4.98373195
4.98373195
4.98373195
4.98373195
4.98373195
4.98373195
4.98373195
4.98373195
4.98373195
4.98373195
4.98373195
4.98373195
4.98373195
4.98373195
4.98373195
4.98373195
4.98373195
4.98373195
4.98373195
4.98373195
4.98373195
4.98373195
4.98373195
4.98373195
4.98373195
4.98373195
4.98373195
4.98373195
4.98373195
4.98373195
4.98373195
4.98373195
4.98373195
4.98373195
4.98373195
4.98373195
4.98373195
4.98373195
4.98373195
4.98373195
4.98373195
4.98373195
4.98373195
4.98373195
4.98373195
4.98373195
4.98373195
4.98373195
4.98373195
4.98373195
4.98373195
4.98373195
4.98373195
4.98373195
4.98373195
4.98373195
4.98373195
4.98373195
4.98373195
4.98373195
4.98373195
4.98373195
4.98373195
4.98373195
4.98373195
4.98373195
4.98373195
4.98373195
4.98373195
4.98373195
4.98373195
4.98373195
4.98373195
4.98373195
4.98373195
4.98373195
4.98373195
4.98373195
4.98373195
4.98373195
4.98373195
4.98373195
4.98373195
4.98373195
4.98373195
4.98373195
4.98373195
4.98373195
4.98373195
4.98373195
4.98373195
4.98373195
4.98373195
4.98373195
4.98373195
4.98373195
4.98373195
4.98373195
4.98373195
4.98373195
4.98373195
4.98373195
4.98373195
4.98373195
4.98373195
4.98373195
4.98373195
4.98373195
4.98373195
4.98373195
4.98373195
4.98373195
4.98373195
4.98373195
4.98373195
4.98373195
4.98373195
4.98373195
4.98373195
4.98373195
4.98373195
4.98373195
4.98373195
4.98373195
4.98373195
4.98373195
4.98373195
4.98373195
4.98373195
4.98373195
4.98373195
4.98373195
4.98373195
4.98373195
4.98373195
4.98373195
4.98373195
4.98373195
4.98373195
4.98373195
4.98373195
4.98373195
4.98373195
4.98373195
4.98373195
4.98373195
4.98373195
4.98373195
4.98373195
4.98373195
4.98373195
4.98373195
4.98373195
4.98373195
4.98373195
4.98373195
4.98373195
4.98373195
4.98373195
4.98373195
4.98373195
4.98373195
4.98373195
4.98373195
4.98373195
4.98373195
4.98373195
4.98373195
4.98373195
4.98373195
4.98373195
4.98373195
4.98373195
4.98373195
4.98373195
4.98373195
4.98373195
4.98373195
4.98373195
4.98373195
4.98373195
4.98373195
4.98373195
4.98373195
4.98373195
4.98373195
4.98373195
4.98373195
4.98373195
4.98373195
4.98373195
4.98373195
4.98373195
4.98373195
4.98373195
4.98373195
4.98373195
4.98373195
4.98373195
4.98373195
4.98373195
4.98373195
4.98373195
4.98373195
4.98373195
4.98373195
4.98373195
4.98373195
4.98373195
4.98373195
4.98373195
4.98373195
4.98373195
4.98373195
4.98373195
4.98373195
4.98373195
4.98373195
4.98373195
4.98373195
4.98373195
4.98373195
4.98373195
4.98373195
4.98373195
4.98373195
4.98373195
4.98373195
4.98373195
4.98373195
4.98373195
4.98373195
4.98373195
4.98373195
4.98373195
4.98373195
4.98373195
4.98373195
4.98373195
4.98373195
4.98373195
4.98373195
4.98373195
4.98373195
4.98373195
4.98373195
4.98373195
4.98373195
4.98373195
4.98373195
4.98373195
4.98373195
4.98373195
4.98373195
4.98373195
4.98373195
4.98373195
4.98373195
4.98373195
4.98373195
4.98373195
4.98373195
4.98373195
4.98373195
4.98373195
4.98373195
4.98373195
4.98373195
4.98373195
4.98373195
4.98373195
4.98373195
4.98373195
4.98373195
4.98373195
4.98373195
4.98373195
4.98373195
4.98373195
4.98373195
4.98373195
4.98373195
4.98373195
4.98373195
4.98373195
4.98373195
4.98373195
4.98373195
4.98373195
4.98373195
4.98373195
4.98373195
4.98373195
4.98373195
4.98373195
4.98373195
4.98373195
4.98373195
4.98373195
4.98373195
4.98373195
4.98373195
4.98373195
4.98373195
4.98373195
4.98373195
4.98373195
4.98373195
4.98373195
4.98373195
4.98373195
4.98373195
4.98373195
4.98373195
4.98373195
4.98373195
4.98373195
4.98373195
4.98373195
4.98373195
4.98373195
4.98373195
4.98373195
4.98373195
4.98373195
4.98373195
4.98373195
4.98373195
4.98373195
4.98373195
4.98373195
4.98373195
4.98373195
4.98373195
4.98373195
4.98373195
4.98373195
4.98373195
4.98373195
4.98373195
4.98373195
4.98373195
4.98373195
4.98373195
4.98373195
4.98373195
4.98373195
4.98373195
4.98373195
4.98373195
4.98373195
4.98373195
4.98373195
4.98373195
4.98373195
4.98373195
4.98373195
4.98373195
4.98373195
4.98373195
4.98373195
4.98373195
4.98373195
4.98373195
4.98373195
4.98373195
4.98373195
4.98373195
4.98373195
4.98373195
4.98373195
4.98373195
4.98373195
4.98373195
4.98373195
4.98373195
4.98373195
4.98373195
4.98373195
4.98373195
4.98373195
4.98373195
4.98373195
4.98373195
4.98373195
4.98373195
4.98373195
4.98373195
4.98373195
4.98373195
4.98373195
4.98373195
4.98373195
4.98373195
4.98373195
4.98373195
4.98373195
4.98373195
4.98373195
4.98373195
4.98373195
4.98373195
4.98373195
4.98373195
4.98373195
4.98373195
4.98373195
4.98373195
4.98373195
4.98373195
4.98373195
4.98373195
4.98373195
4.98373195
4.98373195
4.98373195
4.98373195
4.98373195
4.98373195
4.98373195
4.98373195
4.98373195
4.98373195
4.98373195
4.98373195
4.98373195
4.98373195
4.98373195
4.98373195
4.98373195
4.98373195
4.98373195
4.98373195
4.98373195
4.98373195
4.98373195
4.98373195
4.98373195
4.98373195
4.98373195
4.98373195
4.98373195
4.98373195
4.98373195
4.98373195
4.98373195
4.98373195
4.98373195
4.98373195
4.98373195
4.98373195
4.98373195
4.98373195
4.98373195
4.98373195
4.98373195
4.98373195
4.98373195
4.98373195
4.98373195
4.98373195
4.98373195
4.98373195
4.98373195
4.98373195
4.98373195
4.98373195
4.98373195
4.98373195
4.98373195
4.98373195
4.98373195
4.98373195
4.98373195
4.98373195
4.98373195
4.98373195
4.98373195
4.98373195
4.98373195
4.98373195
4.98373195
4.98373195
4.98373195
4.98373195
4.98373195
4.98373195
4.98373195
4.98373195
4.98373195
4.98373195
4.98373195
4.98373195
4.98373195
4.98373195
4.98373195
4.98373195
4.98373195
4.98373195
4.98373195
4.98373195
4.98373195
4.98373195
4.98373195
4.98373195
4.98373195
4.98373195
4.98373195
4.98373195
4.98373195
4.98373195
4.98373195
4.98373195
4.98373195
4.98373195
4.98373195
4.98373195
4.98373195
4.98373195
4.98373195
4.98373195
4.98373195
4.98373195
4.98373195
4.98373195
4.98373195
4.98373195
4.98373195
4.98373195
4.98373195
4.98373195
4.98373195
4.98373195
4.98373195
4.98373195
4.98373195
4.98373195
4.98373195
4.98373195
4.98373195
4.98373195
4.98373195
4.98373195
4.98373195
4.98373195
4.98373195
4.98373195
4.98373195
4.98373195
4.98373195
4.98373195
4.98373195
4.98373195
4.98373195
4.98373195
4.98373195
4.98373195
4.98373195
4.98373195
4.98373195
4.98373195
4.98373195
4.98373195
4.98373195
4.98373195
4.98373195
4.98373195
4.98373195
4.98373195
4.98373195
4.98373195
4.98373195
4.98373195
4.98373195
4.98373195
4.98373195
4.98373195
4.98373195
4.98373195
4.98373195
4.98373195
4.98373195
4.98373195
4.98373195
4.98373195
4.98373195
4.98373195
4.98373195
4.98373195
4.98373195
4.98373195
4.98373195
4.98373195
4.98373195
4.98373195
4.98373195
4.98373195
4.98373195
4.98373195
4.98373195
4.98373195
4.98373195
4.98373195
4.98373195
4.98373195
4.98373195
4.98373195
4.98373195
4.98373195
4.98373195
4.98373195
4.98373195
4.98373195
4.98373195
4.98373195
4.98373195
4.98373195
4.98373195
4.98373195
4.98373195
4.98373195
4.98373195
4.98373195
4.98373195
4.98373195
4.98373195
4.98373195
4.98373195
4.98373195
4.98373195
4.98373195
4.98373195
4.98373195
4.98373195
4.98373195
4.98373195
4.98373195
4.98373195
4.98373195
4.98373195
4.98373195
4.98373195
4.98373195
4.98373195
4.98373195
4.98373195
4.98373195
4.98373195
4.98373195
4.98373195
4.98373195
4.98373195
4.98373195
4.98373195
4.98373195
4.98373195
4.98373195
4.98373195
4.98373195
4.98373195
4.98373195
4.98373195
4.98373195
4.98373195
4.98373195
4.98373195
4.98373195
4.98373195
4.98373195
4.98373195
4.98373195
4.98373195
4.98373195
4.98373195
4.98373195
4.98373195
4.98373195
4.98373195
4.98373195
4.98373195
4.98373195
4.98373195
4.98373195
4.98373195
4.98373195
4.98373195
4.98373195
4.98373195
4.98373195
4.98373195
4.98373195
4.98373195
4.98373195
4.98373195
4.98373195
4.98373195
4.98373195
4.98373195
4.98373195
4.98373195
4.98373195
4.98373195
4.98373195
4.98373195
4.98373195
4.98373195
4.98373195
4.98373195
4.98373195
4.98373195
4.98373195
4.98373195
4.98373195
4.98373195
4.98373195
4.98373195
4.98373195
4.98373195
4.98373195
4.98373195
4.98373195
4.98373195
4.98373195
4.98373195
4.98373195
4.98373195
4.98373195
4.98373195
4.98373195
4.98373195
4.98373195
4.98373195
4.98373195
4.98373195
4.98373195
4.98373195
4.98373195
4.98373195
4.98373195
4.98373195
4.98373195
4.98373195
4.98373195
4.98373195
4.98373195
4.98373195
4.98373195
4.98373195
4.98373195
4.98373195
4.98373195
4.98373195
4.98373195
4.98373195
4.98373195
4.98373195
4.98373195
4.98373195
4.98373195
4.98373195
4.98373195
4.98373195
4.98373195
4.98373195
4.98373195
4.98373195
4.98373195
4.98373195
4.98373195
4.98373195
4.98373195
4.98373195
4.98373195
4.98373195
4.98373195
4.98373195
4.98373195
4.98373195
4.98373195
4.98373195
4.98373195
4.98373195
4.98373195
4.98373195
4.98373195
4.98373195
4.98373195
4.98373195
4.98373195
4.98373195
4.98373195
4.98373195
4.98373195
4.98373195
4.98373195
4.98373195
4.98373195
4.98373195
4.98373195
4.98373195
4.98373195
4.98373195
4.98373195
4.98373195
4.98373195
4.98373195
4.98373195
4.98373195
4.98373195
4.98373195
4.98373195
4.98373195
4.98373195
4.98373195
4.98373195
4.98373195
4.98373195
4.98373195
4.98373195
4.98373195
4.98373195
4.98373195
4.98373195
4.98373195
4.98373195
4.98373195
4.98373195
4.98373195
4.98373195
4.98373195
4.98373195
4.98373195
4.98373195
4.98373195
4.98373195
4.98373195
4.98373195
4.98373195
4.98373195
4.98373195
4.98373195
4.98373195
4.98373195
4.98373195
4.98373195
4.98373195
4.98373195
4.98373195
4.98373195
4.98373195
4.98373195
4.98373195
4.98373195
4.98373195
4.98373195
4.98373195
4.98373195
