5.01063830
5.15207661
5.18586446
5.18898435
5.17819161
5.16048992
5.13990033
5.11863887
5.09785462
5.07789635
5.05878639
5.04061082
5.02333000
5.00704703
4.99148137
4.97644789
4.96188677
4.94792583
4.93430219
4.92064385
4.90692931
4.89342891
4.88086912
4.86907945
4.85798250
4.84767236
4.83773243
4.82790528
4.81832662
4.80876220
4.79905849
4.78926588
4.77987381
4.77122402
4.76298237
4.75504880
4.74731356
4.73944902
4.73150480
4.72386670
4.71658053
4.70977263
4.70319018
4.69676986
4.69051503
4.68457529
4.67915007
4.67407707
4.66891520
4.66386196
4.65878196
4.65351813
4.64829302
4.64290464
4.63803557
4.63352259
4.62934479
4.62496959
4.62014141
4.61536861
4.61036927
4.60538848
4.60087990
4.59677916
4.59275269
4.58906829
4.58556417
4.58252823
4.58003189
4.57785302
4.57604335
4.57443078
4.57286956
4.57151032
4.57042700
4.56987274
4.56968325
4.56973636
4.57002224
4.57035322
4.57064067
4.57053292
4.57015291
4.56940392
4.56832875
4.56667860
4.56467942
4.56214208
4.55941644
4.55639523
4.55302707
4.54973370
4.54701359
4.54492754
4.54301561
4.54152434
4.54094101
4.54106297
4.54163432
4.54230003
4.54318326
4.54431553
4.54545868
4.54655193
4.54775271
4.54909125
4.55017010
4.55123119
4.55234049
4.55367855
4.55540671
4.55758826
4.56001258
4.56268520
4.56545249
4.56815056
4.57071224
4.57286243
4.57471008
4.57612775
4.57697292
4.57745448
4.57719991
4.57681200
4.57633688
4.57558863
4.57506125
4.57492658
4.57511969
4.57555744
4.57591635
4.57604250
4.57617502
4.57598623
4.57537087
4.57456214
4.57355810
4.57262388
4.57158240
4.57051004
4.56930602
4.56852437
4.56776055
4.56686781
4.56587400
4.56467718
4.56328540
4.56186254
4.56031713
4.55831298
4.55623009
4.55453613
4.55310658
4.55201594
4.55106151
4.55028332
4.54963289
4.54944823
4.54972811
4.55001360
4.55041066
4.55081228
4.55092522
4.55102472
4.55142290
4.55203571
4.55280657
4.55360816
4.55451516
4.55550410
4.55629465
4.55712961
4.55790132
4.55857874
4.55921547
4.55973238
4.55986423
4.55993087
4.55966848
4.55905367
4.55841134
4.55781119
4.55746893
4.55744005
4.55750843
4.55783743
4.55864596
4.55971604
4.56083000
4.56197234
4.56320474
4.56425842
4.56487257
4.56531938
4.56569686
4.56602275
4.56604813
4.56563422
4.56469214
4.56353762
4.56228130
4.56103321
4.55998368
4.55866170
4.55688602
4.55524678
4.55386449
4.55279414
4.55184721
4.55117366
4.55073461
4.55020066
4.54958767
4.54860178
4.54721686
4.54550288
4.54349156
4.54119250
4.53895374
4.53725521
4.53584572
4.53453937
4.53356136
4.53277566
4.53174225
4.53044490
4.52905247
4.52752296
4.52613827
4.52487413
4.52397258
4.52389413
4.52458433
4.52582108
4.52746991
4.52920867
4.53092497
4.53263036
4.53415027
4.53560045
4.53671884
4.53780469
4.53907563
4.54045575
4.54178898
4.54296339
4.54378922
4.54450619
4.54489255
4.54486587
4.54480963
4.54486412
4.54474113
4.54431902
4.54380805
4.54296545
4.54180604
4.54024930
4.53800048
4.53557906
4.53317453
4.53076526
4.52837190
4.52630892
4.52460121
4.52309483
4.52171448
4.52022466
4.51855952
4.51665553
4.51437733
4.51150753
4.50808508
4.50444831
4.50071829
4.49687616
4.49313731
4.48978789
4.48710513
4.48477342
4.48263490
4.48078205
4.47878527
4.47689259
4.47538649
4.47418696
4.47352405
4.47297768
4.47242939
4.47201048
4.47208529
4.47238757
4.47280962
4.47339484
4.47429355
4.47564008
4.47732755
4.47970475
4.48250115
4.48528162
4.48828779
4.49162750
4.49503358
4.49867093
4.50237046
4.50624182
4.51058253
4.51497868
4.51930965
4.52348064
4.52737479
4.53103578
4.53411510
4.53676482
4.53892653
4.54078506
4.54249184
4.54393868
4.54539625
4.54674757
4.54805301
4.54926720
4.55035622
4.55124362
4.55188902
4.55222568
4.55249880
4.55279175
4.55334076
4.55436421
4.55562574
4.55685300
4.55794790
4.55908443
4.56000713
4.56087075
4.56180595
4.56242110
4.56294152
4.56313104
4.56307642
4.56294508
4.56299357
4.56308207
4.56294635
4.56279509
4.56273680
4.56287500
4.56349070
4.56485090
4.56671953
4.56880707
4.57078652
4.57249344
4.57397054
4.57547426
4.57725406
4.57894694
4.58060992
4.58240766
4.58408217
4.58576056
4.58764069
4.58974767
4.59171374
4.59358482
4.59537347
4.59674568
4.59752539
4.59756456
4.59687016
4.59549617
4.59377316
4.59201838
4.59063299
4.58946698
4.58845472
4.58763862
4.58740780
4.58718326
4.58691988
4.58633546
4.58577866
4.58490226
4.58400585
4.58317849
4.58266411
4.58218351
4.58166567
4.58094652
4.57994698
4.57870827
4.57713170
4.57525114
4.57302350
4.57079862
4.56836304
4.56601685
4.56363024
4.56098539
4.55822682
4.55584611
4.55368615
4.55143114
4.54884621
4.54618815
4.54352517
4.54088697
4.53874002
4.53667767
4.53474518
4.53348522
4.53265042
4.53190555
4.53137362
4.53125749
4.53114519
4.53092431
4.53073995
4.53083011
4.53084420
4.53096774
4.53111499
4.53117632
4.53123058
4.53114631
4.53104510
4.53095175
4.53078487
4.53065318
4.53057502
4.53057923
4.53063975
4.53103707
4.53141702
4.53186963
4.53221566
4.53247226
4.53232355
4.53147080
4.52982349
4.52746332
4.52470706
4.52192409
4.51910555
4.51597732
4.51266190
4.50918520
4.50554805
4.50216316
4.49956953
4.49759822
4.49619340
4.49517865
4.49421017
4.49292924
4.49118624
4.48938799
4.48736533
4.48498942
4.48248117
4.48002294
4.47760749
4.47527680
4.47292459
4.47044089
4.46781036
4.46558589
4.46373250
4.46197517
4.46044274
4.45950047
4.45957401
4.46038145
4.46176853
4.46352896
4.46552823
4.46787922
4.47011148
4.47215976
4.47407346
4.47579723
4.47739620
4.47910758
4.48098916
4.48284938
4.48459714
4.48611095
4.48736220
4.48835790
4.48941200
4.49035293
4.49125679
4.49203881
4.49307845
4.49439714
4.49598070
4.49766569
4.49956779
4.50169298
4.50432596
4.50697099
4.50944041
4.51166968
4.51349671
4.51455483
4.51543539
4.51618797
4.51710124
4.51832633
4.52015327
4.52207934
4.52400538
4.52565921
4.52755947
4.52952198
4.53146028
4.53356605
4.53556662
4.53746163
4.53919393
4.54067234
4.54190638
4.54284994
4.54342009
4.54369508
4.54348989
4.54318161
4.54301781
4.54320321
4.54342130
4.54361206
4.54425495
4.54516933
4.54585494
4.54628525
4.54655295
4.54638533
4.54574154
4.54492115
4.54397999
4.54323119
4.54248119
4.54204904
4.54143322
4.54057035
4.53966826
4.53895103
4.53837156
4.53802266
4.53777672
4.53733144
4.53691384
4.53642250
4.53551251
4.53433556
4.53315225
4.53237160
4.53175108
4.53085134
4.52990875
4.52879550
4.52758282
4.52631877
4.52531784
4.52508354
4.52522270
4.52602999
4.52766439
4.52962165
4.53164817
4.53364161
4.53537166
4.53743426
4.53976514
4.54231290
4.54488091
4.54729079
4.54969835
4.55222647
4.55468815
4.55667887
4.55817129
4.55954840
4.56107038
4.56232447
4.56347224
4.56415347
4.56460086
4.56488472
4.56522314
4.56551997
4.56590004
4.56628479
4.56639227
4.56592189
4.56499700
4.56392839
4.56286339
4.56179563
4.56071093
4.55955203
4.55838695
4.55770053
4.55719808
4.55667494
4.55647393
4.55678433
4.55686628
4.55691351
4.55700611
4.55734992
4.55772116
4.55827436
4.55860893
4.55856314
4.55828093
4.55766877
4.55677315
4.55595709
4.55535941
4.55473354
4.55434721
4.55418040
4.55381873
4.55323749
4.55217594
4.55083424
4.54926940
4.54774510
4.54640717
4.54529360
4.54396912
4.54305090
4.54230753
4.54188798
4.54161472
4.54139383
4.54114932
4.54056191
4.54020156
4.54005764
4.53997187
4.53990885
4.53995600
4.53995205
4.53954287
4.53927675
4.53905819
4.53898010
4.53909801
4.53952283
4.54002303
4.54071110
4.54153618
4.54250013
4.54375656
4.54526242
4.54688118
4.54875392
4.55045816
4.55159274
4.55190476
4.55174314
4.55158169
4.55157885
4.55140717
4.55116145
4.55112370
4.55113899
4.55099969
4.55067456
4.55044551
4.55054217
4.55107011
4.55174212
4.55267028
4.55351093
4.55460575
4.55583037
4.55689460
4.55766149
4.55780582
4.55734466
4.55675132
4.55633335
4.55585633
4.55508097
4.55409247
4.55325747
4.55246364
4.55124216
4.54983794
4.54798652
4.54556092
4.54285151
4.54005261
4.53700721
4.53391387
4.53134297
4.52898787
4.52712587
4.52552381
4.52403363
4.52233656
4.52050943
4.51866515
4.51659199
4.51455980
4.51265962
4.51094210
4.50937745
4.50762998
4.50571458
4.50397854
4.50243302
4.50100455
4.49957263
4.49814518
4.49668067
4.49523011
4.49410248
4.49333359
4.49293216
4.49274770
4.49268351
4.49274669
4.49282984
4.49255836
4.49227124
4.49171396
4.49131968
4.49108243
4.49073844
4.49040922
4.48993089
4.48915629
4.48831600
4.48785190
4.48778828
4.48814461
4.48893976
4.49029019
4.49205459
4.49389114
4.49567607
4.49707143
4.49784896
4.49783471
4.49716715
4.49599825
4.49435854
4.49269037
4.49120286
4.48996471
4.48932476
4.48917767
4.48941607
4.48982741
4.49066869
4.49176347
4.49314511
4.49469825
4.49655182
4.49859989
4.50110788
4.50362961
4.50641720
4.50924876
4.51205014
4.51467806
4.51714353
4.51930180
4.52128143
4.52271700
4.52418069
4.52571563
4.52749258
4.52925177
4.53072456
4.53175036
4.53254826
4.53334601
4.53441140
4.53540572
4.53651202
4.53734771
4.53841644
4.53963003
4.54114275
4.54287335
4.54476248
4.54679618
4.54897640
4.55113567
4.55337028
4.55543064
4.55710754
4.55844634
4.55976708
4.56078867
4.56179387
4.56265424
4.56318338
4.56342296
4.56346128
4.56342638
4.56322110
4.56269703
4.56213159
4.56148381
4.56079364
4.55993109
4.55877887
4.55733063
4.55573835
4.55394262
4.55211869
4.55026994
4.54832968
4.54614412
4.54373748
4.54138932
4.53922093
4.53715164
4.53499494
4.53290058
4.53081643
4.52847981
4.52629397
4.52427604
4.52254401
4.52119389
4.52036683
4.51993924
4.51975777
4.51978313
4.51994021
4.51980916
4.51957874
4.51927138
4.51897839
4.51896180
4.51912438
4.51958845
4.52040199
4.52136674
4.52229342
4.52326163
4.52402077
4.52465058
4.52473447
4.52434284
4.52335884
4.52233276
4.52168670
4.52133449
4.52142233
4.52172843
4.52234730
4.52317204
4.52421013
4.52502920
4.52570980
4.52597836
4.52596213
4.52597236
4.52563578
4.52494981
4.52367666
4.52229213
4.52093356
4.51954518
4.51835119
4.51713111
4.51595553
4.51477885
4.51365725
4.51249498
4.51146532
4.51033561
4.50911784
4.50774871
4.50654608
4.50567287
4.50483821
4.50385342
4.50250255
4.50135622
4.50045249
4.50004385
4.50047487
4.50166097
4.50309003
4.50457141
4.50597543
4.50758686
4.50940530
4.51159653
4.51365513
4.51583927
4.51825061
4.52053723
4.52284975
4.52543463
4.52805671
4.53059098
4.53315820
4.53544880
4.53726865
4.53841910
4.53932776
4.53992091
4.54019251
4.54020023
4.53983733
4.53931671
4.53879832
4.53806941
4.53702138
4.53551928
4.53367958
4.53172134
4.52960012
4.52746726
4.52512403
4.52270410
4.52066129
4.51885858
4.51714894
4.51571157
4.51445677
4.51338950
4.51253865
4.51183983
4.51096859
4.51030886
4.50992351
4.50958030
4.50930212
4.50888104
4.50792151
4.50651955
4.50452590
4.50229294
4.50031119
4.49848784
4.49681777
4.49513998
4.49331859
4.49138223
4.48938737
4.48741242
4.48549965
4.48370685
4.48193108
4.48029774
4.47849840
4.47659303
4.47484629
4.47298850
4.47081183
4.46864147
4.46647033
4.46421956
4.46205045
4.46000222
4.45815767
4.45694019
4.45631246
4.45621787
4.45652937
4.45709143
4.45817434
4.45973240
4.46174656
4.46435038
4.46696724
4.46913830
4.47110022
4.47319753
4.47543534
4.47761090
4.47983920
4.48178502
4.48363842
4.48573039
4.48763446
4.48952324
4.49153434
4.49333029
4.49476103
4.49594324
4.49667304
4.49705686
4.49749980
4.49780142
4.49829566
4.49906242
4.50004148
