5.26262626
5.36450798
5.36699971
5.34222357
5.30612482
5.26580816
5.22501254
5.18577983
5.14919551
5.11577041
5.08566089
5.05880472
5.03500888
5.01400774
4.99550185
4.97918358
4.96475371
4.95193165
4.94046112
4.93011281
4.92068499
4.91200266
4.90391592
4.89629789
4.88904234
4.88206133
4.87528290
4.86864891
4.86211301
4.85563889
4.84919862
4.84277129
4.83634172
4.82989947
4.82343788
4.81695331
4.81044451
4.80391203
4.79735782
4.79078480
4.78419662
4.77759735
4.77099134
4.76438301
4.75777679
4.75117698
4.74458771
4.73801287
4.73145612
4.72492082
4.71841006
4.71192664
4.70547309
4.69905165
4.69266433
4.68631287
4.67999881
4.67372346
4.66748794
4.66129321
4.65514005
4.64902911
4.64296091
4.63693586
4.63095424
4.62501627
4.61912208
4.61327174
4.60746524
4.60170252
4.59598350
4.59030803
4.58467595
4.57908705
4.57354111
4.56803790
4.56257714
4.55715857
4.55178190
4.54644685
4.54115310
4.53590036
4.53068831
4.52551665
4.52038506
4.51529322
4.51024082
4.50522754
4.50025308
4.49531711
4.49041933
4.48555942
4.48073708
4.47595201
4.47120390
4.46649245
4.46181736
4.45717834
4.45257509
4.44800732
4.44347475
4.43897709
4.43451405
4.43008537
4.42569074
4.42132992
4.41700261
4.41270855
4.40844748
4.40421912
4.40002321
4.39585950
4.39172771
4.38762761
4.38355893
4.37952142
4.37551483
4.37153892
4.36759343
4.36367813
4.35979277
4.35593712
4.35211093
4.34831398
4.34454602
4.34080684
4.33709619
4.33341386
4.32975961
4.32613323
4.32253448
4.31896317
4.31541905
4.31190192
4.30841157
4.30494778
4.30151034
4.29809905
4.29471369
4.29135406
4.28801996
4.28471119
4.28142754
4.27816881
4.27493482
4.27172536
4.26854024
4.26537927
4.26224226
4.25912902
4.25603937
4.25297311
4.24993006
4.24691005
4.24391288
4.24093838
4.23798638
4.23505669
4.23214914
4.22926356
4.22639978
4.22355762
4.22073691
4.21793749
4.21515918
4.21240184
4.20966528
4.20694935
4.20425389
4.20157874
4.19892373
4.19628872
4.19367354
4.19107805
4.18850208
4.18594548
4.18340811
4.18088982
4.17839045
4.17590987
4.17344791
4.17100445
4.16857933
4.16617241
4.16378355
4.16141262
4.15905947
4.15672396
4.15440596
4.15210533
4.14982194
4.14755566
4.14530635
4.14307388
4.14085811
4.13865894
4.13647621
4.13430981
4.13215961
4.13002549
4.12790732
4.12580498
4.12371834
4.12164729
4.11959171
4.11755147
4.11552646
4.11351657
4.11152167
4.10954165
4.10757639
4.10562579
4.10368973
4.10176810
4.09986078
4.09796767
4.09608867
4.09422365
4.09237252
4.09053516
4.08871148
4.08690137
4.08510472
4.08332143
4.08155140
4.07979452
4.07805071
4.07631985
4.07460185
4.07289661
4.07120403
4.06952403
4.06785649
4.06620132
4.06455844
4.06292775
4.06130915
4.05970256
4.05810788
4.05652502
4.05495389
4.05339440
4.05184647
4.05031000
4.04878492
4.04727112
4.04576854
4.04427707
4.04279665
4.04132718
4.03986858
4.03842076
4.03698366
4.03555718
4.03414125
4.03273578
4.03134070
4.02995593
4.02858139
4.02721700
4.02586269
4.02451838
4.02318400
4.02185946
4.02054470
4.01923964
4.01794422
4.01665834
4.01538195
4.01411498
4.01285734
4.01160898
4.01036982
4.00913979
4.00791883
4.00670686
4.00550382
4.00430964
4.00312425
4.00194759
4.00077960
3.99962020
3.99846934
3.99732694
3.99619295
3.99506731
3.99394994
3.99284079
3.99173980
3.99064690
3.98956203
3.98848514
3.98741617
3.98635505
3.98530173
3.98425614
3.98321824
3.98218796
3.98116524
3.98015003
3.97914228
3.97814192
3.97714891
3.97616319
3.97518469
3.97421338
3.97324919
3.97229207
3.97134198
3.97039885
3.96946264
3.96853329
3.96761075
3.96669497
3.96578591
3.96488351
3.96398772
3.96309849
3.96221577
3.96133952
3.96046969
3.95960623
3.95874909
3.95789823
3.95705359
3.95621514
3.95538282
3.95455659
3.95373641
3.95292223
3.95211401
3.95131169
3.95051525
3.94972463
3.94893979
3.94816069
3.94738729
3.94661953
3.94585740
3.94510083
3.94434979
3.94360423
3.94286413
3.94212943
3.94140010
3.94067609
3.93995738
3.93924391
3.93853565
3.93783256
3.93713461
3.93644175
3.93575395
3.93507117
3.93439337
3.93372052
3.93305257
3.93238950
3.93173127
3.93107784
3.93042918
3.92978524
3.92914600
3.92851143
3.92788148
3.92725612
3.92663532
3.92601905
3.92540727
3.92479995
3.92419705
3.92359855
3.92300441
3.92241460
3.92182908
3.92124783
3.92067081
3.92009800
3.91952936
3.91896486
3.91840447
3.91784816
3.91729590
3.91674766
3.91620341
3.91566313
3.91512677
3.91459432
3.91406575
3.91354102
3.91302011
3.91250299
3.91198963
3.91148001
3.91097409
3.91047185
3.90997327
3.90947831
3.90898696
3.90849917
3.90801493
3.90753422
3.90705699
3.90658324
3.90611293
3.90564604
3.90518255
3.90472242
3.90426563
3.90381217
3.90336200
3.90291510
3.90247145
3.90203102
3.90159379
3.90115974
3.90072884
3.90030107
3.89987641
3.89945483
3.89903631
3.89862084
3.89820838
3.89779891
3.89739242
3.89698888
3.89658826
3.89619056
3.89579574
3.89540379
3.89501468
3.89462840
3.89424492
3.89386422
3.89348629
3.89311110
3.89273863
3.89236886
3.89200178
3.89163735
3.89127558
3.89091642
3.89055987
3.89020591
3.88985452
3.88950567
3.88915935
3.88881555
3.88847423
3.88813540
3.88779902
3.88746507
3.88713355
3.88680443
3.88647770
3.88615334
3.88583133
3.88551165
3.88519429
3.88487922
3.88456645
3.88425593
3.88394767
3.88364165
3.88333784
3.88303623
3.88273680
3.88243955
3.88214445
3.88185149
3.88156065
3.88127191
3.88098527
3.88070070
3.88041820
3.88013774
3.87985931
3.87958290
3.87930849
3.87903607
3.87876562
3.87849712
3.87823058
3.87796596
3.87770326
3.87744246
3.87718354
3.87692651
3.87667133
3.87641800
3.87616650
3.87591683
3.87566896
3.87542288
3.87517859
3.87493606
3.87469529
3.87445627
3.87421897
3.87398339
3.87374951
3.87351732
3.87328682
3.87305798
3.87283080
3.87260526
3.87238136
3.87215907
3.87193839
3.87171931
3.87150181
3.87128589
3.87107153
3.87085872
3.87064744
3.87043770
3.87022947
3.87002275
3.86981752
3.86961378
3.86941151
3.86921071
3.86901135
3.86881344
3.86861696
3.86842189
3.86822824
3.86803599
3.86784513
3.86765565
3.86746754
3.86728079
3.86709538
3.86691132
3.86672859
3.86654718
3.86636708
3.86618829
3.86601078
3.86583456
3.86565961
3.86548593
3.86531350
3.86514231
3.86497237
3.86480365
3.86463615
3.86446987
3.86430478
3.86414089
3.86397818
3.86381664
3.86365628
3.86349707
3.86333901
3.86318210
3.86302631
3.86287166
3.86271812
3.86256569
3.86241436
3.86226412
3.86211497
3.86196690
3.86181990
3.86167395
3.86152907
3.86138523
3.86124242
3.86110065
3.86095991
3.86082018
3.86068145
3.86054374
3.86040701
3.86027127
3.86013652
3.86000273
3.85986991
3.85973806
3.85960715
3.85947719
3.85934816
3.85922007
3.85909291
3.85896666
3.85884132
3.85871689
3.85859336
3.85847071
3.85834896
3.85822808
3.85810808
3.85798894
3.85787066
3.85775323
3.85763666
3.85752092
3.85740602
3.85729195
3.85717871
3.85706628
3.85695466
3.85684385
3.85673383
3.85662462
3.85651619
3.85640854
3.85630167
3.85619557
3.85609024
3.85598566
3.85588184
3.85577877
3.85567645
3.85557486
3.85547401
3.85537388
3.85527448
3.85517579
3.85507782
3.85498055
3.85488399
3.85478812
3.85469294
3.85459845
3.85450464
3.85441151
3.85431905
3.85422726
3.85413613
3.85404566
3.85395584
3.85386667
3.85377814
3.85369025
3.85360299
3.85351637
3.85343037
3.85334499
3.85326022
3.85317607
3.85309252
3.85300958
3.85292723
3.85284548
3.85276432
3.85268374
3.85260375
3.85252433
3.85244549
3.85236721
3.85228950
3.85221235
3.85213576
3.85205971
3.85198422
3.85190927
3.85183486
3.85176099
3.85168765
3.85161484
3.85154256
3.85147079
3.85139955
3.85132882
3.85125859
3.85118888
3.85111967
3.85105095
3.85098274
3.85091501
3.85084777
3.85078102
3.85071475
3.85064895
3.85058364
3.85051879
3.85045441
3.85039049
3.85032704
3.85026404
3.85020149
3.85013940
3.85007776
3.85001656
3.84995580
3.84989548
3.84983559
3.84977614
3.84971711
3.84965851
3.84960034
3.84954258
3.84948524
3.84942831
3.84937179
3.84931568
3.84925998
3.84920467
3.84914977
3.84909526
3.84904114
3.84898742
3.84893408
3.84888112
3.84882855
3.84877636
3.84872454
3.84867310
3.84862203
3.84857132
3.84852098
3.84847101
3.84842139
3.84837213
3.84832323
3.84827468
3.84822648
3.84817863
3.84813112
3.84808395
3.84803713
3.84799064
3.84794449
3.84789867
3.84785318
3.84780802
3.84776318
3.84771867
3.84767447
3.84763060
3.84758704
3.84754380
3.84750087
3.84745824
3.84741593
3.84737392
3.84733221
3.84729080
3.84724970
3.84720888
3.84716837
3.84712814
3.84708820
3.84704856
3.84700919
3.84697011
3.84693132
3.84689280
3.84685456
3.84681660
3.84677891
3.84674149
3.84670434
3.84666746
3.84663084
3.84659449
3.84655840
3.84652257
3.84648700
3.84645168
3.84641662
3.84638181
3.84634726
3.84631295
3.84627889
3.84624507
3.84621150
3.84617817
3.84614508
3.84611223
3.84607962
3.84604724
3.84601509
3.84598318
3.84595149
3.84592004
3.84588881
3.84585780
3.84582702
3.84579646
3.84576613
3.84573601
3.84570610
3.84567641
3.84564694
3.84561768
3.84558863
3.84555979
3.84553115
3.84550273
3.84547451
3.84544649
3.84541867
3.84539105
3.84536364
3.84533642
3.84530939
3.84528256
3.84525593
3.84522948
3.84520323
3.84517717
3.84515129
3.84512560
3.84510010
3.84507477
3.84504964
3.84502468
3.84499990
3.84497530
3.84495088
3.84492664
3.84490256
3.84487867
3.84485494
3.84483139
3.84480800
3.84478479
3.84476174
3.84473885
3.84471614
3.84469358
3.84467119
3.84464896
3.84462689
3.84460498
3.84458322
3.84456163
3.84454018
3.84451890
3.84449776
3.84447678
3.84445595
3.84443527
3.84441474
3.84439436
3.84437412
3.84435403
3.84433409
3.84431429
3.84429463
3.84427511
3.84425573
3.84423650
3.84421740
3.84419844
3.84417961
3.84416092
3.84414237
3.84412395
3.84410566
3.84408750
3.84406948
3.84405158
3.84403382
3.84401618
3.84399867
3.84398128
3.84396402
3.84394688
3.84392987
3.84391298
3.84389621
3.84387957
3.84386304
3.84384663
3.84383034
3.84381417
3.84379811
3.84378217
3.84376635
3.84375063
3.84373504
3.84371955
3.84370418
3.84368891
3.84367376
3.84365871
3.84364378
3.84362895
3.84361423
3.84359961
3.84358510
3.84357069
3.84355639
3.84354219
3.84352810
3.84351410
3.84350021
3.84348641
3.84347272
3.84345912
3.84344562
3.84343222
3.84341892
3.84340571
3.84339259
3.84337957
3.84336665
3.84335382
3.84334108
3.84332843
3.84331587
3.84330340
3.84329103
3.84327874
3.84326654
3.84325443
3.84324241
3.84323047
3.84321862
3.84320685
3.84319517
3.84318357
3.84317206
3.84316063
3.84314928
3.84313801
3.84312683
3.84311572
3.84310470
3.84309375
3.84308289
3.84307210
3.84306139
3.84305075
3.84304020
3.84302972
3.84301931
3.84300898
3.84299872
3.84298854
3.84297843
3.84296840
3.84295843
3.84294854
3.84293872
3.84292897
3.84291929
3.84290968
3.84290014
3.84289067
3.84288127
3.84287193
3.84286266
3.84285346
3.84284432
3.84283525
3.84282625
3.84281731
3.84280843
3.84279962
3.84279087
3.84278219
3.84277357
3.84276501
3.84275651
3.84274807
3.84273969
3.84273138
3.84272312
3.84271492
3.84270679
3.84269871
3.84269069
3.84268272
3.84267482
3.84266697
3.84265918
3.84265144
3.84264376
3.84263613
3.84262856
3.84262105
3.84261359
3.84260618
3.84259882
3.84259152
3.84258427
3.84257708
3.84256993
3.84256284
3.84255579
3.84254880
3.84254186
3.84253497
3.84252813
3.84252134
3.84251459
3.84250790
3.84250125
3.84249465
3.84248810
3.84248160
3.84247514
3.84246873
3.84246236
3.84245605
