5.26262626
5.36450798
5.36699971
5.34200388
5.30608947
5.26658461
5.22730883
5.19025154
5.15645999
5.12638561
5.10013639
5.07761013
5.05860246
5.04279850
5.02981806
5.01927271
5.01081810
5.00414475
4.99893530
4.99493952
4.99195748
4.98980239
4.98832690
4.98740960
4.98693336
4.98680323
4.98693870
4.98727342
4.98774848
4.98832077
4.98896068
4.98964195
4.99034326
4.99103358
4.99168871
4.99229825
4.99284963
4.99333391
4.99374754
4.99409518
4.99438460
4.99462558
4.99482623
4.99499332
4.99513247
4.99524835
4.99534486
4.99542524
4.99549219
4.99554795
4.99559439
4.99563307
4.99566529
4.99569213
4.99571449
4.99573311
4.99574862
4.99576154
4.99577230
4.99578126
4.99578873
4.99579495
4.99580013
4.99580445
4.99580804
4.99581104
4.99581353
4.99581561
4.99581734
4.99581878
4.99581998
4.99582098
4.99582182
4.99582251
4.99582309
4.99582357
4.99582397
4.99582431
4.99582458
4.99582482
4.99582501
4.99582517
4.99582530
4.99582541
4.99582551
4.99582559
4.99582565
4.99582570
4.99582575
4.99582579
4.99582582
4.99582584
4.99582586
4.99582588
4.99582590
4.99582591
4.99582592
4.99582593
4.99582594
4.99582594
4.99582595
4.99582595
4.99582595
4.99582596
4.99582596
4.99582596
4.99582596
4.99582596
4.99582597
4.99582597
4.99582597
4.99582597
4.99582597
4.99582597
4.99582597
4.99582597
4.99582597
4.99582597
4.99582597
4.99582597
4.99582597
4.99582597
4.99582597
4.99582597
4.99582597
4.99582597
4.99582597
4.99582597
4.99582597
4.99582597
4.99582597
4.99582597
4.99582597
4.99582597
4.99582597
4.99582597
4.99582597
4.99582597
4.99582597
4.99582597
4.99582597
4.99582597
4.99582597
4.99582597
4.99582597
4.99582597
4.99582597
4.99582597
4.99582597
4.99582597
4.99582597
4.99582597
4.99582597
4.99582597
4.99582597
4.99582597
4.99582597
4.99582597
4.99582597
4.99582597
4.99582597
4.99582597
4.99582597
4.99582597
4.99582597
4.99582597
4.99582597
4.99582597
4.99582597
4.99582597
4.99582597
4.99582597
4.99582597
4.99582597
4.99582597
4.99582597
4.99582597
4.99582597
4.99582597
4.99582597
4.99582597
4.99582597
4.99582597
4.99582597
4.99582597
4.99582597
4.99582597
4.99582597
4.99582597
4.99582597
4.99582597
4.99582597
4.99582597
4.99582597
4.99582597
4.99582597
4.99582597
4.99582597
4.99582597
4.99582597
4.99582597
4.99582597
4.99582597
4.99582597
4.99582597
4.99582597
4.99582597
4.99582597
4.99582597
4.99582597
4.99582597
4.99582597
4.99582597
4.99582597
4.99582597
4.99582597
4.99582597
4.99582597
4.99582597
4.99582597
4.99582597
4.99582597
4.99582597
4.99582597
4.99582597
4.99582597
4.99582597
4.99582597
4.99582597
4.99582597
4.99582597
4.99582597
4.99582597
4.99582597
4.99582597
4.99582597
4.99582597
4.99582597
4.99582597
4.99582597
4.99582597
4.99582597
4.99582597
4.99582597
4.99582597
4.99582597
4.99582597
4.99582597
4.99582597
4.99582597
4.99582597
4.99582597
4.99582597
4.99582597
4.99582597
4.99582597
4.99582597
4.99582597
4.99582597
4.99582597
4.99582597
4.99582597
4.99582597
4.99582597
4.99582597
4.99582597
4.99582597
4.99582597
4.99582597
4.99582597
4.99582597
4.99582597
4.99582597
4.99582597
4.99582597
4.99582597
4.99582597
4.99582597
4.99582597
4.99582597
4.99582597
4.99582597
4.99582597
4.99582597
4.99582597
4.99582597
4.99582597
4.99582597
4.99582597
4.99582597
4.99582597
4.99582597
4.99582597
4.99582597
4.99582597
4.99582597
4.99582597
4.99582597
4.99582597
4.99582597
4.99582597
4.99582597
4.99582597
4.99582597
4.99582597
4.99582597
4.99582597
4.99582597
4.99582597
4.99582597
4.99582597
4.99582597
4.99582597
4.99582597
4.99582597
4.99582597
4.99582597
4.99582597
4.99582597
4.99582597
4.99582597
4.99582597
4.99582597
4.99582597
4.99582597
4.99582597
4.99582597
4.99582597
4.99582597
4.99582597
4.99582597
4.99582597
4.99582597
4.99582597
4.99582597
4.99582597
4.99582597
4.99582597
4.99582597
4.99582597
4.99582597
4.99582597
4.99582597
4.99582597
4.99582597
4.99582597
4.99582597
4.99582597
4.99582597
4.99582597
4.99582597
4.99582597
4.99582597
4.99582597
4.99582597
4.99582597
4.99582597
4.99582597
4.99582597
4.99582597
4.99582597
4.99582597
4.99582597
4.99582597
4.99582597
4.99582597
4.99582597
4.99582597
4.99582597
4.99582597
4.99582597
4.99582597
4.99582597
4.99582597
4.99582597
4.99582597
4.99582597
4.99582597
4.99582597
4.99582597
4.99582597
4.99582597
4.99582597
4.99582597
4.99582597
4.99582597
4.99582597
4.99582597
4.99582597
4.99582597
4.99582597
4.99582597
4.99582597
4.99582597
4.99582597
4.99582597
4.99582597
4.99582597
4.99582597
4.99582597
4.99582597
4.99582597
4.99582597
4.99582597
4.99582597
4.99582597
4.99582597
4.99582597
4.99582597
4.99582597
4.99582597
4.99582597
4.99582597
4.99582597
4.99582597
4.99582597
4.99582597
4.99582597
4.99582597
4.99582597
4.99582597
4.99582597
4.99582597
4.99582597
4.99582597
4.99582597
4.99582597
4.99582597
4.99582597
4.99582597
4.99582597
4.99582597
4.99582597
4.99582597
4.99582597
4.99582597
4.99582597
4.99582597
4.99582597
4.99582597
4.99582597
4.99582597
4.99582597
4.99582597
4.99582597
4.99582597
4.99582597
4.99582597
4.99582597
4.99582597
4.99582597
4.99582597
4.99582597
4.99582597
4.99582597
4.99582597
4.99582597
4.99582597
4.99582597
4.99582597
4.99582597
4.99582597
4.99582597
4.99582597
4.99582597
4.99582597
4.99582597
4.99582597
4.99582597
4.99582597
4.99582597
4.99582597
4.99582597
4.99582597
4.99582597
4.99582597
4.99582597
4.99582597
4.99582597
4.99582597
4.99582597
4.99582597
4.99582597
4.99582597
4.99582597
4.99582597
4.99582597
4.99582597
4.99582597
4.99582597
4.99582597
4.99582597
4.99582597
4.99582597
4.99582597
4.99582597
4.99582597
4.99582597
4.99582597
4.99582597
4.99582597
4.99582597
4.99582597
4.99582597
4.99582597
4.99582597
4.99582597
4.99582597
4.99582597
4.99582597
4.99582597
4.99582597
4.99582597
4.99582597
4.99582597
4.99582597
4.99582597
4.99582597
4.99582597
4.99582597
4.99582597
4.99582597
4.99582597
4.99582597
4.99582597
4.99582597
4.99582597
4.99582597
4.99582597
4.99582597
4.99582597
4.99582597
4.99582597
4.99582597
4.99582597
4.99582597
4.99582597
4.99582597
4.99582597
4.99582597
4.99582597
4.99582597
4.99582597
4.99582597
4.99582597
4.99582597
4.99582597
4.99582597
4.99582597
4.99582597
4.99582597
4.99582597
4.99582597
4.99582597
4.99582597
4.99582597
4.99582597
4.99582597
4.99582597
4.99582597
4.99582597
4.99582597
4.99582597
4.99582597
4.99582597
4.99582597
4.99582597
4.99582597
4.99582597
4.99582597
4.99582597
4.99582597
4.99582597
4.99582597
4.99582597
4.99582597
4.99582597
4.99582597
4.99582597
4.99582597
4.99582597
4.99582597
4.99582597
4.99582597
4.99582597
4.99582597
4.99582597
4.99582597
4.99582597
4.99582597
4.99582597
4.99582597
4.99582597
4.99582597
4.99582597
4.99582597
4.99582597
4.99582597
4.99582597
4.99582597
4.99582597
4.99582597
4.99582597
4.99582597
4.99582597
4.99582597
4.99582597
4.99582597
4.99582597
4.99582597
4.99582597
4.99582597
4.99582597
4.99582597
4.99582597
4.99582597
4.99582597
4.99582597
4.99582597
4.99582597
4.99582597
4.99582597
4.99582597
4.99582597
4.99582597
4.99582597
4.99582597
4.99582597
4.99582597
4.99582597
4.99582597
4.99582597
4.99582597
4.99582597
4.99582597
4.99582597
4.99582597
4.99582597
4.99582597
4.99582597
4.99582597
4.99582597
4.99582597
4.99582597
4.99582597
4.99582597
4.99582597
4.99582597
4.99582597
4.99582597
4.99582597
4.99582597
4.99582597
4.99582597
4.99582597
4.99582597
4.99582597
4.99582597
4.99582597
4.99582597
4.99582597
4.99582597
4.99582597
4.99582597
4.99582597
4.99582597
4.99582597
4.99582597
4.99582597
4.99582597
4.99582597
4.99582597
4.99582597
4.99582597
4.99582597
4.99582597
4.99582597
4.99582597
4.99582597
4.99582597
4.99582597
4.99582597
4.99582597
4.99582597
4.99582597
4.99582597
4.99582597
4.99582597
4.99582597
4.99582597
4.99582597
4.99582597
4.99582597
4.99582597
4.99582597
4.99582597
4.99582597
4.99582597
4.99582597
4.99582597
4.99582597
4.99582597
4.99582597
4.99582597
4.99582597
4.99582597
4.99582597
4.99582597
4.99582597
4.99582597
4.99582597
4.99582597
4.99582597
4.99582597
4.99582597
4.99582597
4.99582597
4.99582597
4.99582597
4.99582597
4.99582597
4.99582597
4.99582597
4.99582597
4.99582597
4.99582597
4.99582597
4.99582597
4.99582597
4.99582597
4.99582597
4.99582597
4.99582597
4.99582597
4.99582597
4.99582597
4.99582597
4.99582597
4.99582597
4.99582597
4.99582597
4.99582597
4.99582597
4.99582597
4.99582597
4.99582597
4.99582597
4.99582597
4.99582597
4.99582597
4.99582597
4.99582597
4.99582597
4.99582597
4.99582597
4.99582597
4.99582597
4.99582597
4.99582597
4.99582597
4.99582597
4.99582597
4.99582597
4.99582597
4.99582597
4.99582597
4.99582597
4.99582597
4.99582597
4.99582597
4.99582597
4.99582597
4.99582597
4.99582597
4.99582597
4.99582597
4.99582597
4.99582597
4.99582597
4.99582597
4.99582597
4.99582597
4.99582597
4.99582597
4.99582597
4.99582597
4.99582597
4.99582597
4.99582597
4.99582597
4.99582597
4.99582597
4.99582597
4.99582597
4.99582597
4.99582597
4.99582597
4.99582597
4.99582597
4.99582597
4.99582597
4.99582597
4.99582597
4.99582597
4.99582597
4.99582597
4.99582597
4.99582597
4.99582597
4.99582597
4.99582597
4.99582597
4.99582597
4.99582597
4.99582597
4.99582597
4.99582597
4.99582597
4.99582597
4.99582597
4.99582597
4.99582597
4.99582597
4.99582597
4.99582597
4.99582597
4.99582597
4.99582597
4.99582597
4.99582597
4.99582597
4.99582597
4.99582597
4.99582597
4.99582597
4.99582597
4.99582597
4.99582597
4.99582597
4.99582597
4.99582597
4.99582597
4.99582597
4.99582597
4.99582597
4.99582597
4.99582597
4.99582597
4.99582597
4.99582597
4.99582597
4.99582597
4.99582597
4.99582597
4.99582597
4.99582597
4.99582597
4.99582597
4.99582597
4.99582597
4.99582597
4.99582597
4.99582597
4.99582597
4.99582597
4.99582597
4.99582597
4.99582597
4.99582597
4.99582597
4.99582597
4.99582597
4.99582597
4.99582597
4.99582597
4.99582597
4.99582597
4.99582597
4.99582597
4.99582597
4.99582597
4.99582597
4.99582597
4.99582597
4.99582597
4.99582597
4.99582597
4.99582597
4.99582597
4.99582597
4.99582597
4.99582597
4.99582597
4.99582597
4.99582597
4.99582597
4.99582597
4.99582597
4.99582597
4.99582597
4.99582597
4.99582597
4.99582597
4.99582597
4.99582597
4.99582597
4.99582597
4.99582597
4.99582597
4.99582597
4.99582597
4.99582597
4.99582597
4.99582597
4.99582597
4.99582597
4.99582597
4.99582597
4.99582597
4.99582597
4.99582597
4.99582597
4.99582597
4.99582597
4.99582597
4.99582597
4.99582597
4.99582597
4.99582597
4.99582597
4.99582597
4.99582597
4.99582597
4.99582597
4.99582597
4.99582597
4.99582597
4.99582597
4.99582597
4.99582597
4.99582597
4.99582597
4.99582597
4.99582597
4.99582597
4.99582597
4.99582597
4.99582597
4.99582597
4.99582597
4.99582597
4.99582597
4.99582597
4.99582597
4.99582597
4.99582597
4.99582597
4.99582597
4.99582597
4.99582597
4.99582597
4.99582597
4.99582597
4.99582597
4.99582597
4.99582597
4.99582597
4.99582597
4.99582597
4.99582597
4.99582597
4.99582597
4.99582597
4.99582597
4.99582597
4.99582597
4.99582597
4.99582597
4.99582597
4.99582597
4.99582597
4.99582597
4.99582597
4.99582597
4.99582597
4.99582597
4.99582597
4.99582597
4.99582597
4.99582597
4.99582597
4.99582597
4.99582597
4.99582597
4.99582597
4.99582597
4.99582597
4.99582597
4.99582597
4.99582597
