5.01063830
5.15207661
5.18586446
5.18718284
5.17240031
5.14879421
5.12026950
5.08908119
5.05658066
5.02358838
4.99060063
4.95791182
4.92569017
4.89402577
4.86296158
4.83251342
4.80268267
4.77346421
4.74485110
4.71683720
4.68941828
4.66259246
4.63635993
4.61072258
4.58568337
4.56124580
4.53741329
4.51418881
4.49157443
4.46957108
4.44817835
4.42739438
4.40721582
4.38763783
4.36865415
4.35025720
4.33243814
4.31518709
4.29849316
4.28234470
4.26672933
4.25163415
4.23704583
4.22295073
4.20933503
4.19618477
4.18348600
4.17122480
4.15938737
4.14796008
4.13692952
4.12628251
4.11600617
4.10608792
4.09651550
4.08727698
4.07836079
4.06975568
4.06145077
4.05343553
4.04569977
4.03823364
4.03102762
4.02407255
4.01735956
4.01088009
4.00462591
3.99858906
3.99276188
3.98713697
3.98170722
3.97646574
3.97140593
3.96652141
3.96180601
3.95725381
3.95285910
3.94861636
3.94452027
3.94056572
3.93674777
3.93306164
3.92950276
3.92606668
3.92274913
3.91954599
3.91645329
3.91346719
3.91058399
3.90780012
3.90511214
3.90251672
3.90001067
3.89759088
3.89525436
3.89299825
3.89081976
3.88871620
3.88668500
3.88472364
3.88282972
3.88100091
3.87923496
3.87752971
3.87588306
3.87429298
3.87275754
3.87127485
3.86984309
3.86846050
3.86712539
3.86583613
3.86459115
3.86338890
3.86222793
3.86110681
3.86002418
3.85897871
3.85796911
3.85699417
3.85605267
3.85514349
3.85426550
3.85341763
3.85259885
3.85180816
3.85104460
3.85030722
3.84959514
3.84890748
3.84824340
3.84760210
3.84698279
3.84638472
3.84580716
3.84524940
3.84471077
3.84419060
3.84368827
3.84320316
3.84273468
3.84228226
3.84184535
3.84142342
3.84101595
3.84062245
3.84024244
3.83987545
3.83952104
3.83917878
3.83884825
3.83852905
3.83822079
3.83792309
3.83763560
3.83735796
3.83708983
3.83683089
3.83658082
3.83633933
3.83610611
3.83588088
3.83566337
3.83545331
3.83525045
3.83505454
3.83486534
3.83468263
3.83450617
3.83433577
3.83417120
3.83401227
3.83385878
3.83371056
3.83356741
3.83342917
3.83329566
3.83316673
3.83304221
3.83292196
3.83280583
3.83269368
3.83258537
3.83248077
3.83237975
3.83228220
3.83218799
3.83209700
3.83200913
3.83192428
3.83184232
3.83176318
3.83168675
3.83161293
3.83154165
3.83147281
3.83140632
3.83134211
3.83128011
3.83122022
3.83116239
3.83110654
3.83105260
3.83100051
3.83095020
3.83090162
3.83085470
3.83080939
3.83076563
3.83072337
3.83068256
3.83064314
3.83060508
3.83056832
3.83053282
3.83049853
3.83046542
3.83043344
3.83040256
3.83037274
3.83034394
3.83031612
3.83028926
3.83026331
3.83023826
3.83021406
3.83019070
3.83016813
3.83014634
3.83012529
3.83010496
3.83008533
3.83006638
3.83004807
3.83003039
3.83001331
3.82999682
3.82998090
3.82996552
3.82995066
3.82993632
3.82992246
3.82990909
3.82989617
3.82988369
3.82987164
3.82986000
3.82984876
3.82983791
3.82982742
3.82981730
3.82980752
3.82979808
3.82978896
3.82978016
3.82977165
3.82976344
3.82975551
3.82974785
3.82974045
3.82973331
3.82972641
3.82971974
3.82971331
3.82970709
3.82970109
3.82969530
3.82968970
3.82968429
3.82967907
3.82967403
3.82966916
3.82966446
3.82965992
3.82965553
3.82965130
3.82964721
3.82964326
3.82963944
3.82963576
3.82963220
3.82962876
3.82962544
3.82962224
3.82961914
3.82961615
3.82961327
3.82961048
3.82960779
3.82960519
3.82960268
3.82960025
3.82959791
3.82959565
3.82959346
3.82959135
3.82958932
3.82958735
3.82958545
3.82958361
3.82958184
3.82958013
3.82957848
3.82957688
3.82957534
3.82957385
3.82957241
3.82957102
3.82956968
3.82956839
3.82956714
3.82956593
3.82956476
3.82956364
3.82956255
3.82956150
3.82956048
3.82955950
3.82955856
3.82955764
3.82955676
3.82955591
3.82955508
3.82955429
3.82955352
3.82955278
3.82955206
3.82955137
3.82955070
3.82955006
3.82954944
3.82954883
3.82954825
3.82954769
3.82954715
3.82954663
3.82954612
3.82954563
3.82954516
3.82954471
3.82954427
3.82954384
3.82954343
3.82954304
3.82954266
3.82954229
3.82954193
3.82954158
3.82954125
3.82954093
3.82954062
3.82954032
3.82954003
3.82953975
3.82953948
3.82953922
3.82953897
3.82953873
3.82953849
3.82953827
3.82953805
3.82953784
3.82953763
3.82953743
3.82953724
3.82953706
3.82953688
3.82953671
3.82953654
3.82953638
3.82953623
3.82953608
3.82953594
3.82953580
3.82953566
3.82953553
3.82953541
3.82953529
3.82953517
3.82953506
3.82953495
3.82953484
3.82953474
3.82953464
3.82953455
3.82953446
3.82953437
3.82953428
3.82953420
3.82953412
3.82953404
3.82953397
3.82953390
3.82953383
3.82953376
3.82953370
3.82953363
3.82953357
3.82953352
3.82953346
3.82953340
3.82953335
3.82953330
3.82953325
3.82953321
3.82953316
3.82953312
3.82953307
3.82953303
3.82953299
3.82953295
3.82953292
3.82953288
3.82953285
3.82953281
3.82953278
3.82953275
3.82953272
3.82953269
3.82953266
3.82953264
3.82953261
3.82953258
3.82953256
3.82953254
3.82953251
3.82953249
3.82953247
3.82953245
3.82953243
3.82953241
3.82953239
3.82953238
3.82953236
3.82953234
3.82953233
3.82953231
3.82953230
3.82953228
3.82953227
3.82953225
3.82953224
3.82953223
3.82953222
3.82953220
3.82953219
3.82953218
3.82953217
3.82953216
3.82953215
3.82953214
3.82953213
3.82953212
3.82953212
3.82953211
3.82953210
3.82953209
3.82953208
3.82953208
3.82953207
3.82953206
3.82953206
3.82953205
3.82953204
3.82953204
3.82953203
3.82953203
3.82953202
3.82953202
3.82953201
3.82953201
3.82953200
3.82953200
3.82953199
3.82953199
3.82953199
3.82953198
3.82953198
3.82953197
3.82953197
3.82953197
3.82953196
3.82953196
3.82953196
3.82953196
3.82953195
3.82953195
3.82953195
3.82953194
3.82953194
3.82953194
3.82953194
3.82953194
3.82953193
3.82953193
3.82953193
3.82953193
3.82953193
3.82953192
3.82953192
3.82953192
3.82953192
3.82953192
3.82953192
3.82953191
3.82953191
3.82953191
3.82953191
3.82953191
3.82953191
3.82953191
3.82953191
3.82953190
3.82953190
3.82953190
3.82953190
3.82953190
3.82953190
3.82953190
3.82953190
3.82953190
3.82953190
3.82953190
3.82953189
3.82953189
3.82953189
3.82953189
3.82953189
3.82953189
3.82953189
3.82953189
3.82953189
3.82953189
3.82953189
3.82953189
3.82953189
3.82953189
3.82953189
3.82953189
3.82953189
3.82953189
3.82953188
3.82953188
3.82953188
3.82953188
3.82953188
3.82953188
3.82953188
3.82953188
3.82953188
3.82953188
3.82953188
3.82953188
3.82953188
3.82953188
3.82953188
3.82953188
3.82953188
3.82953188
3.82953188
3.82953188
3.82953188
3.82953188
3.82953188
3.82953188
3.82953188
3.82953188
3.82953188
3.82953188
3.82953188
3.82953188
3.82953188
3.82953188
3.82953188
3.82953188
3.82953188
3.82953188
3.82953188
3.82953188
3.82953188
3.82953188
3.82953188
3.82953188
3.82953188
3.82953188
3.82953188
3.82953188
3.82953188
3.82953188
3.82953188
3.82953188
3.82953188
3.82953188
3.82953188
3.82953188
3.82953188
3.82953188
3.82953188
3.82953188
3.82953188
3.82953188
3.82953187
3.82953187
3.82953187
3.82953187
3.82953187
3.82953187
3.82953187
3.82953187
3.82953187
3.82953187
3.82953187
3.82953187
3.82953187
3.82953187
3.82953187
3.82953187
3.82953187
3.82953187
3.82953187
3.82953187
3.82953187
3.82953187
3.82953187
3.82953187
3.82953187
3.82953187
3.82953187
3.82953187
3.82953187
3.82953187
3.82953187
3.82953187
3.82953187
3.82953187
3.82953187
3.82953187
3.82953187
3.82953187
3.82953187
3.82953187
3.82953187
3.82953187
3.82953187
3.82953187
3.82953187
3.82953187
3.82953187
3.82953187
3.82953187
3.82953187
3.82953187
3.82953187
3.82953187
3.82953187
3.82953187
3.82953187
3.82953187
3.82953187
3.82953187
3.82953187
3.82953187
3.82953187
3.82953187
3.82953187
3.82953187
3.82953187
3.82953187
3.82953187
3.82953187
3.82953187
3.82953187
3.82953187
3.82953187
3.82953187
3.82953187
3.82953187
3.82953187
3.82953187
3.82953187
3.82953187
3.82953187
3.82953187
3.82953187
3.82953187
3.82953187
3.82953187
3.82953187
3.82953187
3.82953187
3.82953187
3.82953187
3.82953187
3.82953187
3.82953187
3.82953187
3.82953187
3.82953187
3.82953187
3.82953187
3.82953187
3.82953187
3.82953187
3.82953187
3.82953187
3.82953187
3.82953187
3.82953187
3.82953187
3.82953187
3.82953187
3.82953187
3.82953187
3.82953187
3.82953187
3.82953187
3.82953187
3.82953187
3.82953187
3.82953187
3.82953187
3.82953187
3.82953187
3.82953187
3.82953187
3.82953187
3.82953187
3.82953187
3.82953187
3.82953187
3.82953187
3.82953187
3.82953187
3.82953187
3.82953187
3.82953187
3.82953187
3.82953187
3.82953187
3.82953187
3.82953187
3.82953187
3.82953187
3.82953187
3.82953187
3.82953187
3.82953187
3.82953187
3.82953187
3.82953187
3.82953187
3.82953187
3.82953187
3.82953187
3.82953187
3.82953187
3.82953187
3.82953187
3.82953187
3.82953187
3.82953187
3.82953187
3.82953187
3.82953187
3.82953187
3.82953187
3.82953187
3.82953187
3.82953187
3.82953187
3.82953187
3.82953187
3.82953187
3.82953187
3.82953187
3.82953187
3.82953187
3.82953187
3.82953187
3.82953187
3.82953187
3.82953187
3.82953187
3.82953187
3.82953187
3.82953187
3.82953187
3.82953187
3.82953187
3.82953187
3.82953187
3.82953187
3.82953187
3.82953187
3.82953187
3.82953187
3.82953187
3.82953187
3.82953187
3.82953187
3.82953187
3.82953187
3.82953187
3.82953187
3.82953187
3.82953187
3.82953187
3.82953187
3.82953187
3.82953187
3.82953187
3.82953187
3.82953187
3.82953187
3.82953187
3.82953187
3.82953187
3.82953187
3.82953187
3.82953187
3.82953187
3.82953187
3.82953187
3.82953187
3.82953187
3.82953187
3.82953187
3.82953187
3.82953187
3.82953187
3.82953187
3.82953187
3.82953187
3.82953187
3.82953187
3.82953187
3.82953187
3.82953187
3.82953187
3.82953187
3.82953187
3.82953187
3.82953187
3.82953187
3.82953187
3.82953187
3.82953187
3.82953187
3.82953187
3.82953187
3.82953187
3.82953187
3.82953187
3.82953187
3.82953187
3.82953187
3.82953187
3.82953187
3.82953187
3.82953187
3.82953187
3.82953187
3.82953187
3.82953187
3.82953187
3.82953187
3.82953187
3.82953187
3.82953187
3.82953187
3.82953187
3.82953187
3.82953187
3.82953187
3.82953187
3.82953187
3.82953187
3.82953187
3.82953187
3.82953187
3.82953187
3.82953187
3.82953187
3.82953187
3.82953187
3.82953187
3.82953187
3.82953187
3.82953187
3.82953187
3.82953187
3.82953187
3.82953187
3.82953187
3.82953187
3.82953187
3.82953187
3.82953187
3.82953187
3.82953187
3.82953187
3.82953187
3.82953187
3.82953187
3.82953187
3.82953187
3.82953187
3.82953187
3.82953187
3.82953187
3.82953187
3.82953187
3.82953187
3.82953187
3.82953187
3.82953187
3.82953187
3.82953187
3.82953187
3.82953187
3.82953187
3.82953187
3.82953187
3.82953187
3.82953187
3.82953187
3.82953187
3.82953187
3.82953187
3.82953187
3.82953187
3.82953187
3.82953187
3.82953187
3.82953187
3.82953187
3.82953187
3.82953187
3.82953187
3.82953187
3.82953187
3.82953187
3.82953187
3.82953187
3.82953187
3.82953187
3.82953187
3.82953187
3.82953187
3.82953187
3.82953187
3.82953187
3.82953187
3.82953187
3.82953187
3.82953187
3.82953187
3.82953187
3.82953187
3.82953187
3.82953187
3.82953187
3.82953187
3.82953187
3.82953187
3.82953187
3.82953187
3.82953187
3.82953187
3.82953187
3.82953187
3.82953187
3.82953187
3.82953187
3.82953187
3.82953187
3.82953187
3.82953187
3.82953187
3.82953187
3.82953187
3.82953187
3.82953187
3.82953187
3.82953187
3.82953187
3.82953187
3.82953187
3.82953187
3.82953187
3.82953187
3.82953187
3.82953187
3.82953187
3.82953187
3.82953187
3.82953187
3.82953187
3.82953187
3.82953187
