5.26262626
5.36450798
5.36699971
5.34256631
5.30714877
5.26799956
5.22875581
5.19146770
5.15733618
5.12677169
5.09982329
5.07628138
5.05607977
5.03887910
5.02423858
5.01192788
5.00176983
4.99350877
4.98670200
4.98117610
4.97681448
4.97329948
4.97033388
4.96799623
4.96600181
4.96417184
4.96233771
4.96069485
4.95912256
4.95751699
4.95611358
4.95470707
4.95327790
4.95185787
4.95049703
4.94904081
4.94746933
4.94587801
4.94421742
4.94242161
4.94051731
4.93849657
4.93630341
4.93386067
4.93128739
4.92864714
4.92609972
4.92349950
4.92078474
4.91811180
4.91552197
4.91303697
4.91069396
4.90839398
4.90618960
4.90397824
4.90165080
4.89930795
4.89689414
4.89445386
4.89216919
4.88996051
4.88786528
4.88573304
4.88346116
4.88097615
4.87822818
4.87548097
4.87288567
4.87054570
4.86827785
4.86600460
4.86388169
4.86185950
4.85979623
4.85777893
4.85578335
4.85385419
4.85192201
4.85014389
4.84854253
4.84698289
4.84534601
4.84360797
4.84181808
4.83986944
4.83780529
4.83571134
4.83357734
4.83147104
4.82932424
4.82724216
4.82535011
4.82360164
4.82204228
4.82049890
4.81900109
4.81741395
4.81565796
4.81374499
4.81160460
4.80919307
4.80658218
4.80374949
4.80066464
4.79731193
4.79376056
4.78998894
4.78610757
4.78219147
4.77825868
4.77449388
4.77082219
4.76724330
4.76384504
4.76054836
4.75733609
4.75423291
4.75117160
4.74826387
4.74557197
4.74304817
4.74063893
4.73839582
4.73625482
4.73423616
4.73235989
4.73048703
4.72874147
4.72705412
4.72540933
4.72371555
4.72201653
4.72044733
4.71887964
4.71730241
4.71561369
4.71374504
4.71176775
4.70972192
4.70761100
4.70545315
4.70330355
4.70108178
4.69872212
4.69629694
4.69393394
4.69173762
4.68975780
4.68803705
4.68655639
4.68514944
4.68369861
4.68223869
4.68066935
4.67920949
4.67772011
4.67618865
4.67464981
4.67300516
4.67128940
4.66953342
4.66777363
4.66617253
4.66458464
4.66312958
4.66170847
4.66021554
4.65861542
4.65697946
4.65532817
4.65371729
4.65203915
4.65038089
4.64887978
4.64753618
4.64637318
4.64537396
4.64454405
4.64373380
4.64284959
4.64186115
4.64081959
4.63973731
4.63881792
4.63797979
4.63712143
4.63632188
4.63559136
4.63481122
4.63389137
4.63276557
4.63138966
4.62977817
4.62807949
4.62636531
4.62454863
4.62257436
4.62046433
4.61828274
4.61614723
4.61396432
4.61170877
4.60938312
4.60706975
4.60483899
4.60265467
4.60046220
4.59831916
4.59632076
4.59441820
4.59250860
4.59065235
4.58899911
4.58751398
4.58625234
4.58524393
4.58440653
4.58369067
4.58296103
4.58212264
4.58131362
4.58058779
4.57997047
4.57936801
4.57879560
4.57835354
4.57789282
4.57746352
4.57694526
4.57641142
4.57591182
4.57549442
4.57519850
4.57492784
4.57465768
4.57463935
4.57477899
4.57497424
4.57509903
4.57521051
4.57534361
4.57554311
4.57581963
4.57635970
4.57716805
4.57808126
4.57893452
4.57960993
4.58038830
4.58131046
4.58226841
4.58312492
4.58397995
4.58478949
4.58577050
4.58702948
4.58865417
4.59038146
4.59204150
4.59359776
4.59496186
4.59635524
4.59777344
4.59924078
4.60084489
4.60248896
4.60402578
4.60569338
4.60728484
4.60866556
4.60995124
4.61108658
4.61206669
4.61278492
4.61327260
4.61347944
4.61335221
4.61304077
4.61249069
4.61165475
4.61069070
4.60962346
4.60847074
4.60728731
4.60618449
4.60521638
4.60433448
4.60343522
4.60264555
4.60186025
4.60124526
4.60069274
4.60017030
4.59962848
4.59896353
4.59832294
4.59787867
4.59754968
4.59719392
4.59686438
4.59660560
4.59643841
4.59622388
4.59597088
4.59573161
4.59538308
4.59484411
4.59419077
4.59343765
4.59265897
4.59176674
4.59081156
4.59001525
4.58937652
4.58880242
4.58833596
4.58788780
4.58744445
4.58697341
4.58659662
4.58631816
4.58610900
4.58584402
4.58557526
4.58536942
4.58530836
4.58537352
4.58563765
4.58598874
4.58629934
4.58655336
4.58666867
4.58665509
4.58655248
4.58629624
4.58598183
4.58565272
4.58540428
4.58516241
4.58489705
4.58472629
4.58479974
4.58506501
4.58562613
4.58650660
4.58747649
4.58845159
4.58928946
4.58997859
4.59067614
4.59133903
4.59192758
4.59243808
4.59307939
4.59377329
4.59449169
4.59524939
4.59590479
4.59641167
4.59698126
4.59766150
4.59841552
4.59924005
4.59998907
4.60083772
4.60169656
4.60273445
4.60391126
4.60523106
4.60665099
4.60824116
4.60979102
4.61116855
4.61250849
4.61374203
4.61478604
4.61554410
4.61595321
4.61608878
4.61595265
4.61556986
4.61501641
4.61443647
4.61371879
4.61305157
4.61260850
4.61223059
4.61178805
4.61124012
4.61066293
4.60995961
4.60923977
4.60846494
4.60766272
4.60700090
4.60657013
4.60621044
4.60588410
4.60554972
4.60512362
4.60451923
4.60382728
4.60322375
4.60263845
4.60202194
4.60142712
4.60083603
4.60028449
4.59974186
4.59919601
4.59853728
4.59802497
4.59767041
4.59731463
4.59707779
4.59680593
4.59657237
4.59656037
4.59658038
4.59671268
4.59682634
4.59701476
4.59721266
4.59753489
4.59795176
4.59845246
4.59904629
4.59960292
4.60007882
4.60038176
4.60053059
4.60059647
4.60047378
4.60013007
4.59960658
4.59898026
4.59836945
4.59788464
4.59743214
4.59707283
4.59687746
4.59682044
4.59700205
4.59735271
4.59779256
4.59827413
4.59882476
4.59937801
4.59995477
4.60048494
4.60097591
4.60130269
4.60138254
4.60138503
4.60130737
4.60130195
4.60125921
4.60111300
4.60096035
4.60077481
4.60066697
4.60075565
4.60090851
4.60108452
4.60127324
4.60166378
4.60225030
4.60290999
4.60348747
4.60387310
4.60402256
4.60403474
4.60381875
4.60345992
4.60294237
4.60231125
4.60164716
4.60113282
4.60060854
4.59997017
4.59932115
4.59864374
4.59788342
4.59716099
4.59644603
4.59573520
4.59499513
4.59412919
4.59331944
4.59257563
4.59192882
4.59124371
4.59046506
4.58965127
4.58880850
4.58794709
4.58729539
4.58673231
4.58649280
4.58656779
4.58674837
4.58705998
4.58751630
4.58800441
4.58861635
4.58917929
4.58979406
4.59048039
4.59125629
4.59198341
4.59256220
4.59296145
4.59309929
4.59294681
4.59257788
4.59211584
4.59156490
4.59087836
4.59022885
4.58964055
4.58916913
4.58893532
4.58890894
4.58896105
4.58931557
4.58975255
4.59032054
4.59084706
4.59136171
4.59173260
4.59195579
4.59209481
4.59227066
4.59262880
4.59298284
4.59336379
4.59370872
4.59400953
4.59425136
4.59432217
4.59435051
4.59421984
4.59413218
4.59404573
4.59395372
4.59383371
4.59367100
4.59357115
4.59358991
4.59365309
4.59378103
4.59398650
4.59424603
4.59441672
4.59468719
4.59489474
4.59504610
4.59508796
4.59492801
4.59465654
4.59425331
4.59376285
4.59343333
4.59314651
4.59284414
4.59257327
4.59224173
4.59190240
4.59149028
4.59091447
4.59032103
4.58984293
4.58933261
4.58874084
4.58817497
4.58769967
4.58744188
4.58733813
4.58730741
4.58757564
4.58800843
4.58862492
4.58948227
4.59037121
4.59121528
4.59188781
4.59253850
4.59319822
4.59375125
4.59414770
4.59429965
4.59443750
4.59447381
4.59440858
4.59415442
4.59364851
4.59285030
4.59188315
4.59084543
4.58965703
4.58832802
4.58706727
4.58593703
4.58509399
4.58435211
4.58362288
4.58305485
4.58249175
4.58195295
4.58140755
4.58104392
4.58078915
4.58079082
4.58095252
4.58121974
4.58153253
4.58185060
4.58224622
4.58256567
4.58270634
4.58268387
4.58249599
4.58229423
4.58196435
4.58143112
4.58086909
4.58040655
4.57998908
4.57971807
4.57955722
4.57943141
4.57928994
4.57920062
4.57910447
4.57891774
4.57869679
4.57843104
4.57801860
4.57755117
4.57694399
4.57614547
4.57512940
4.57391087
4.57253649
4.57120546
4.57006463
4.56909348
4.56827748
4.56758183
4.56717758
4.56717688
4.56745483
4.56781439
4.56821080
4.56860775
4.56890459
4.56905201
4.56903163
4.56886169
4.56860156
4.56832867
4.56810299
4.56806051
4.56814919
4.56835503
4.56863144
4.56901133
4.56933761
4.56986768
4.57045551
4.57096424
4.57138749
4.57161994
4.57173942
4.57178626
4.57176877
4.57183580
4.57199173
4.57223055
4.57256851
4.57300094
4.57357613
4.57412028
4.57458552
4.57494578
4.57510246
4.57513765
4.57523974
4.57537832
4.57563966
4.57587845
4.57632482
4.57696208
4.57770941
4.57865888
4.57970065
4.58066838
4.58146755
4.58224454
4.58294422
4.58351366
4.58397737
4.58432452
4.58446435
4.58442689
4.58429569
4.58397458
4.58340403
4.58265938
4.58181788
4.58087874
4.57976890
4.57860935
4.57752967
4.57651682
4.57558733
4.57464794
4.57368269
4.57260731
4.57138050
4.57005869
4.56887181
4.56796564
4.56722455
4.56675579
4.56654561
4.56663452
4.56681902
4.56695746
4.56703496
4.56708364
4.56699063
4.56679187
4.56647151
4.56607799
4.56551982
4.56473921
4.56377258
4.56270194
4.56167577
4.56058220
4.55949725
4.55834543
4.55733198
4.55656535
4.55617230
4.55593804
4.55594422
4.55600582
4.55600088
4.55592034
4.55572541
4.55549073
4.55516604
4.55468947
4.55419929
4.55358901
4.55299837
4.55236174
4.55166391
4.55082183
4.54981648
4.54875219
4.54763855
4.54639859
4.54510335
4.54380407
4.54254849
4.54131451
4.54022970
4.53943142
4.53905654
4.53893320
4.53888689
4.53878994
4.53870677
4.53857712
4.53853742
4.53850905
4.53850172
4.53862231
4.53871487
4.53891549
4.53911037
4.53931652
4.53946064
4.53967533
4.53989604
4.54000490
4.53991922
4.53975498
4.53941901
4.53893381
4.53828894
4.53779293
4.53736543
4.53688533
4.53633126
4.53570800
4.53503473
4.53441087
4.53374142
4.53297880
4.53241432
4.53214267
4.53219670
4.53244175
4.53297396
4.53384260
4.53488314
4.53596873
4.53713426
4.53840292
4.53973553
4.54108482
4.54251593
4.54385572
4.54504144
4.54614974
4.54739490
4.54858669
4.54960796
4.55048401
4.55117141
4.55164095
4.55182529
4.55195457
4.55203224
4.55195295
4.55182314
4.55168106
4.55141515
4.55120064
4.55112676
4.55107617
4.55106412
4.55106662
4.55116855
4.55135838
4.55157776
4.55169898
4.55163415
4.55158345
4.55153127
4.55140772
4.55113539
4.55082099
4.55064906
4.55050086
4.55038840
4.55018931
4.54985998
4.54948905
4.54906857
4.54873266
4.54843217
4.54835420
4.54831716
4.54832824
4.54834560
4.54842809
4.54864217
4.54893235
4.54921647
4.54949117
4.54965690
4.54966706
4.54963362
4.54947087
4.54921567
4.54898535
4.54873997
4.54849618
4.54831646
4.54831674
4.54834190
4.54832754
4.54825342
4.54802278
4.54771166
4.54738062
4.54711508
4.54688296
4.54681549
4.54686747
4.54696714
4.54707237
4.54725913
4.54758405
4.54807134
4.54854825
4.54889639
4.54903128
4.54909107
4.54927312
4.54962695
4.55005196
4.55056686
4.55126053
4.55219319
4.55321515
4.55416644
4.55512626
4.55595071
4.55669382
4.55739883
4.55794063
4.55823748
4.55827811
4.55824787
4.55817762
4.55813913
4.55831614
4.55871176
4.55913872
4.55959580
4.56014615
4.56071305
4.56124253
4.56175004
4.56229452
4.56273293
4.56324955
4.56381437
4.56443798
4.56517980
4.56588830
4.56669569
4.56743365
4.56827241
4.56926737
4.57058567
4.57213213
4.57376448
4.57530642
4.57675959
4.57813469
4.57941734
4.58055135
4.58163427
4.58253005
4.58315169
4.58369050
4.58414842
4.58474092
4.58547603
4.58635158
4.58740841
4.58859697
4.58985913
4.59108746
4.59221394
4.59312007
4.59399578
4.59479752
4.59545075
4.59585948
4.59615687
4.59646512
4.59692548
4.59749634
4.59813422
4.59868375
4.59926471
4.59972750
4.59997473
4.59996344
4.59976564
4.59931015
4.59881158
4.59827522
4.59780412
4.59752206
4.59729033
4.59702708
4.59687559
4.59682875
4.59679599
4.59684928
4.59704577
4.59724779
4.59753867
4.59790533
4.59841395
4.59905715
4.59980331
4.60048438
4.60098432
4.60139386
4.60183645
4.60228857
4.60261303
4.60291545
4.60306692
4.60298485
4.60287345
4.60271777
4.60253239
4.60234756
