5.26262626
5.36450798
5.36699971
5.34175837
5.30542108
5.26533955
5.22539971
5.18763406
5.15308068
5.12222542
5.09520171
5.07192356
5.05217015
5.03564142
5.02199977
5.01089219
5.00196935
4.99490288
4.98940011
4.98520957
4.98211317
4.97992174
4.97846095
4.97758773
4.97718610
4.97715713
4.97741668
4.97789333
4.97852907
4.97927679
4.98009748
4.98096185
4.98184699
4.98273526
4.98361286
4.98446922
4.98529644
4.98608845
4.98684133
4.98755240
4.98822023
4.98884464
4.98942623
4.98996634
4.99046663
4.99092879
4.99135490
4.99174711
4.99210758
4.99243845
4.99274181
4.99301967
4.99327397
4.99350649
4.99371889
4.99391276
4.99408962
4.99425088
4.99439787
4.99453178
4.99465376
4.99476482
4.99486593
4.99495800
4.99504186
4.99511827
4.99518783
4.99525116
4.99530882
4.99536128
4.99540896
4.99545233
4.99549179
4.99552773
4.99556044
4.99559020
4.99561731
4.99564197
4.99566433
4.99568462
4.99570295
4.99571942
4.99573416
4.99574730
4.99575895
4.99576921
4.99577823
4.99578602
4.99579265
4.99579819
4.99580281
4.99580666
4.99580987
4.99581255
4.99581478
4.99581664
4.99581819
4.99581949
4.99582057
4.99582146
4.99582221
4.99582284
4.99582336
4.99582379
4.99582416
4.99582446
4.99582471
4.99582492
4.99582509
4.99582524
4.99582536
4.99582546
4.99582555
4.99582562
4.99582568
4.99582573
4.99582577
4.99582580
4.99582583
4.99582585
4.99582587
4.99582589
4.99582590
4.99582591
4.99582592
4.99582593
4.99582594
4.99582594
4.99582595
4.99582595
4.99582596
4.99582596
4.99582596
4.99582596
4.99582596
4.99582597
4.99582597
4.99582597
4.99582597
4.99582597
4.99582597
4.99582597
4.99582597
4.99582597
4.99582597
4.99582597
4.99582597
4.99582597
4.99582597
4.99582597
4.99582597
4.99582597
4.99582597
4.99582597
4.99582597
4.99582597
4.99582597
4.99582597
4.99582597
4.99582597
4.99582597
4.99582597
4.99582597
4.99582597
4.99582597
4.99582597
4.99582597
4.99582597
4.99582597
4.99582597
4.99582597
4.99582597
4.99582597
4.99582597
4.99582597
4.99582597
4.99582597
4.99582597
4.99582597
4.99582597
4.99582597
4.99582597
4.99582597
4.99582597
4.99582597
4.99582597
4.99582597
4.99582597
4.99582597
4.99582597
4.99582597
4.99582597
4.99582597
4.99582597
4.99582597
4.99582597
4.99582597
4.99582597
4.99582597
4.99582597
4.99582597
4.99582597
4.99582597
4.99582597
4.99582597
4.99582597
4.99582597
4.99582597
4.99582597
4.99582597
4.99582597
4.99582597
4.99582597
4.99582597
4.99582597
4.99582597
4.99582597
4.99582597
4.99582597
4.99582597
4.99582597
4.99582597
4.99582597
4.99582597
4.99582597
4.99582597
4.99582597
4.99582597
4.99582597
4.99582597
4.99582597
4.99582597
4.99582597
4.99582597
4.99582597
4.99582597
4.99582597
4.99582597
4.99582597
4.99582597
4.99582597
4.99582597
4.99582597
4.99582597
4.99582597
4.99582597
4.99582597
4.99582597
4.99582597
4.99582597
4.99582597
4.99582597
4.99582597
4.99582597
4.99582597
4.99582597
4.99582597
4.99582597
4.99582597
4.99582597
4.99582597
4.99582597
4.99582597
4.99582597
4.99582597
4.99582597
4.99582597
4.99582597
4.99582597
4.99582597
4.99582597
4.99582597
4.99582597
4.99582597
4.99582597
4.99582597
4.99582597
4.99582597
4.99582597
4.99582597
4.99582597
4.99582597
4.99582597
4.99582597
4.99582597
4.99582597
4.99582597
4.99582597
4.99582597
4.99582597
4.99582597
4.99582597
4.99582597
4.99582597
4.99582597
4.99582597
4.99582597
4.99582597
4.99582597
4.99582597
4.99582597
4.99582597
4.99582597
4.99582597
4.99582597
4.99582597
4.99582597
4.99582597
4.99582597
4.99582597
4.99582597
4.99582597
4.99582597
4.99582597
4.99582597
4.99582597
4.99582597
4.99582597
4.99582597
4.99582597
4.99582597
4.99582597
4.99582597
4.99582597
4.99582597
4.99582597
4.99582597
4.99582597
4.99582597
4.99582597
4.99582597
4.99582597
4.99582597
4.99582597
4.99582597
4.99582597
4.99582597
4.99582597
4.99582597
4.99582597
4.99582597
4.99582597
4.99582597
4.99582597
4.99582597
4.99582597
4.99582597
4.99582597
4.99582597
4.99582597
4.99582597
4.99582597
4.99582597
4.99582597
4.99582597
4.99582597
4.99582597
4.99582597
4.99582597
4.99582597
4.99582597
4.99582597
4.99582597
4.99582597
4.99582597
4.99582597
4.99582597
4.99582597
4.99582597
4.99582597
4.99582597
4.99582597
4.99582597
4.99582597
4.99582597
4.99582597
4.99582597
4.99582597
4.99582597
4.99582597
4.99582597
4.99582597
4.99582597
4.99582597
4.99582597
4.99582597
4.99582597
4.99582597
4.99582597
4.99582597
4.99582597
4.99582597
4.99582597
4.99582597
4.99582597
4.99582597
4.99582597
4.99582597
4.99582597
4.99582597
4.99582597
4.99582597
4.99582597
4.99582597
4.99582597
4.99582597
4.99582597
4.99582597
4.99582597
4.99582597
4.99582597
4.99582597
4.99582597
4.99582597
4.99582597
4.99582597
4.99582597
4.99582597
4.99582597
4.99582597
4.99582597
4.99582597
4.99582597
4.99582597
4.99582597
4.99582597
4.99582597
4.99582597
4.99582597
4.99582597
4.99582597
4.99582597
4.99582597
4.99582597
4.99582597
4.99582597
4.99582597
4.99582597
4.99582597
4.99582597
4.99582597
4.99582597
4.99582597
4.99582597
4.99582597
4.99582597
4.99582597
4.99582597
4.99582597
4.99582597
4.99582597
4.99582597
4.99582597
4.99582597
4.99582597
4.99582597
4.99582597
4.99582597
4.99582597
4.99582597
4.99582597
4.99582597
4.99582597
4.99582597
4.99582597
4.99582597
4.99582597
4.99582597
4.99582597
4.99582597
4.99582597
4.99582597
4.99582597
4.99582597
4.99582597
4.99582597
4.99582597
4.99582597
4.99582597
4.99582597
4.99582597
4.99582597
4.99582597
4.99582597
4.99582597
4.99582597
4.99582597
4.99582597
4.99582597
4.99582597
4.99582597
4.99582597
4.99582597
4.99582597
4.99582597
4.99582597
4.99582597
4.99582597
4.99582597
4.99582597
4.99582597
4.99582597
4.99582597
4.99582597
4.99582597
4.99582597
4.99582597
4.99582597
4.99582597
4.99582597
4.99582597
4.99582597
4.99582597
4.99582597
4.99582597
4.99582597
4.99582597
4.99582597
4.99582597
4.99582597
4.99582597
4.99582597
4.99582597
4.99582597
4.99582597
4.99582597
4.99582597
4.99582597
4.99582597
4.99582597
4.99582597
4.99582597
4.99582597
4.99582597
4.99582597
4.99582597
4.99582597
4.99582597
4.99582597
4.99582597
4.99582597
4.99582597
4.99582597
4.99582597
4.99582597
4.99582597
4.99582597
4.99582597
4.99582597
4.99582597
4.99582597
4.99582597
4.99582597
4.99582597
4.99582597
4.99582597
4.99582597
4.99582597
4.99582597
4.99582597
4.99582597
4.99582597
4.99582597
4.99582597
4.99582597
4.99582597
4.99582597
4.99582597
4.99582597
4.99582597
4.99582597
4.99582597
4.99582597
4.99582597
4.99582597
4.99582597
4.99582597
4.99582597
4.99582597
4.99582597
4.99582597
4.99582597
4.99582597
4.99582597
4.99582597
4.99582597
4.99582597
4.99582597
4.99582597
4.99582597
4.99582597
4.99582597
4.99582597
4.99582597
4.99582597
4.99582597
4.99582597
4.99582597
4.99582597
4.99582597
4.99582597
4.99582597
4.99582597
4.99582597
4.99582597
4.99582597
4.99582597
4.99582597
4.99582597
4.99582597
4.99582597
4.99582597
4.99582597
4.99582597
4.99582597
4.99582597
4.99582597
4.99582597
4.99582597
4.99582597
4.99582597
4.99582597
4.99582597
4.99582597
4.99582597
4.99582597
4.99582597
4.99582597
4.99582597
4.99582597
4.99582597
4.99582597
4.99582597
4.99582597
4.99582597
4.99582597
4.99582597
4.99582597
4.99582597
4.99582597
4.99582597
4.99582597
4.99582597
4.99582597
4.99582597
4.99582597
4.99582597
4.99582597
4.99582597
4.99582597
4.99582597
4.99582597
4.99582597
4.99582597
4.99582597
4.99582597
4.99582597
4.99582597
4.99582597
4.99582597
4.99582597
4.99582597
4.99582597
4.99582597
4.99582597
4.99582597
4.99582597
4.99582597
4.99582597
4.99582597
4.99582597
4.99582597
4.99582597
4.99582597
4.99582597
4.99582597
4.99582597
4.99582597
4.99582597
4.99582597
4.99582597
4.99582597
4.99582597
4.99582597
4.99582597
4.99582597
4.99582597
4.99582597
4.99582597
4.99582597
4.99582597
4.99582597
4.99582597
4.99582597
4.99582597
4.99582597
4.99582597
4.99582597
4.99582597
4.99582597
4.99582597
4.99582597
4.99582597
4.99582597
4.99582597
4.99582597
4.99582597
4.99582597
4.99582597
4.99582597
4.99582597
4.99582597
4.99582597
4.99582597
4.99582597
4.99582597
4.99582597
4.99582597
4.99582597
4.99582597
4.99582597
4.99582597
4.99582597
4.99582597
4.99582597
4.99582597
4.99582597
4.99582597
4.99582597
4.99582597
4.99582597
4.99582597
4.99582597
4.99582597
4.99582597
4.99582597
4.99582597
4.99582597
4.99582597
4.99582597
4.99582597
4.99582597
4.99582597
4.99582597
4.99582597
4.99582597
4.99582597
4.99582597
4.99582597
4.99582597
4.99582597
4.99582597
4.99582597
4.99582597
4.99582597
4.99582597
4.99582597
4.99582597
4.99582597
4.99582597
4.99582597
4.99582597
4.99582597
4.99582597
4.99582597
4.99582597
4.99582597
4.99582597
4.99582597
4.99582597
4.99582597
4.99582597
4.99582597
4.99582597
4.99582597
4.99582597
4.99582597
4.99582597
4.99582597
4.99582597
4.99582597
4.99582597
4.99582597
4.99582597
4.99582597
4.99582597
4.99582597
4.99582597
4.99582597
4.99582597
4.99582597
4.99582597
4.99582597
4.99582597
4.99582597
4.99582597
4.99582597
4.99582597
4.99582597
4.99582597
4.99582597
4.99582597
4.99582597
4.99582597
4.99582597
4.99582597
4.99582597
4.99582597
4.99582597
4.99582597
4.99582597
4.99582597
4.99582597
4.99582597
4.99582597
4.99582597
4.99582597
4.99582597
4.99582597
4.99582597
4.99582597
4.99582597
4.99582597
4.99582597
4.99582597
4.99582597
4.99582597
4.99582597
4.99582597
4.99582597
4.99582597
4.99582597
4.99582597
4.99582597
4.99582597
4.99582597
4.99582597
4.99582597
4.99582597
4.99582597
4.99582597
4.99582597
4.99582597
4.99582597
4.99582597
4.99582597
4.99582597
4.99582597
4.99582597
4.99582597
4.99582597
4.99582597
4.99582597
4.99582597
4.99582597
4.99582597
4.99582597
4.99582597
4.99582597
4.99582597
4.99582597
4.99582597
4.99582597
4.99582597
4.99582597
4.99582597
4.99582597
4.99582597
4.99582597
4.99582597
4.99582597
4.99582597
4.99582597
4.99582597
4.99582597
4.99582597
4.99582597
4.99582597
4.99582597
4.99582597
4.99582597
4.99582597
4.99582597
4.99582597
4.99582597
4.99582597
4.99582597
4.99582597
4.99582597
4.99582597
4.99582597
4.99582597
4.99582597
4.99582597
4.99582597
4.99582597
4.99582597
4.99582597
4.99582597
4.99582597
4.99582597
4.99582597
4.99582597
4.99582597
4.99582597
4.99582597
4.99582597
4.99582597
4.99582597
4.99582597
4.99582597
4.99582597
4.99582597
4.99582597
4.99582597
4.99582597
4.99582597
4.99582597
4.99582597
4.99582597
4.99582597
4.99582597
4.99582597
4.99582597
4.99582597
4.99582597
4.99582597
4.99582597
4.99582597
4.99582597
4.99582597
4.99582597
4.99582597
4.99582597
4.99582597
4.99582597
4.99582597
4.99582597
4.99582597
4.99582597
4.99582597
4.99582597
4.99582597
4.99582597
4.99582597
4.99582597
4.99582597
4.99582597
4.99582597
4.99582597
4.99582597
4.99582597
4.99582597
4.99582597
4.99582597
4.99582597
4.99582597
4.99582597
4.99582597
4.99582597
4.99582597
4.99582597
4.99582597
4.99582597
4.99582597
4.99582597
4.99582597
4.99582597
4.99582597
4.99582597
4.99582597
4.99582597
4.99582597
4.99582597
4.99582597
4.99582597
4.99582597
4.99582597
4.99582597
4.99582597
4.99582597
4.99582597
4.99582597
4.99582597
4.99582597
4.99582597
4.99582597
4.99582597
4.99582597
4.99582597
4.99582597
4.99582597
4.99582597
4.99582597
4.99582597
4.99582597
4.99582597
4.99582597
4.99582597
4.99582597
