5.16494845
5.28202541
5.29652058
5.28268774
5.25666683
5.22588818
5.19422361
5.16362157
5.13499139
5.10878645
5.08520903
5.06432301
5.04594561
5.02969244
5.01530939
5.00239293
4.99088557
4.98056229
4.97122211
4.96259732
4.95441702
4.94660342
4.93913079
4.93211955
4.92528603
4.91835683
4.91136167
4.90449030
4.89773234
4.89145097
4.88570035
4.88045338
4.87543456
4.87061618
4.86590370
4.86122229
4.85640454
4.85134635
4.84611807
4.84069912
4.83530748
4.82984399
4.82430638
4.81894405
4.81387542
4.80917469
4.80489596
4.80078638
4.79669143
4.79273172
4.78912289
4.78573746
4.78243154
4.77901359
4.77533314
4.77161228
4.76807563
4.76477787
4.76160270
4.75854292
4.75559923
4.75271912
4.74985114
4.74689319
4.74369166
4.74023613
4.73660780
4.73285610
4.72898295
4.72498564
4.72091938
4.71666068
4.71232449
4.70784788
4.70344014
4.69927210
4.69547913
4.69192123
4.68848521
4.68497353
4.68164120
4.67823216
4.67493283
4.67179882
4.66889456
4.66607773
4.66323690
4.66056047
4.65795084
4.65533865
4.65282478
4.65016886
4.64753293
4.64504700
4.64299806
4.64104626
4.63907838
4.63704733
4.63504433
4.63301730
4.63113913
4.62931384
4.62750057
4.62568575
4.62374748
4.62186016
4.62011324
4.61852207
4.61711957
4.61601544
4.61501344
4.61419949
4.61330974
4.61261623
4.61207190
4.61142660
4.61064085
4.60942884
4.60767130
4.60565607
4.60364230
4.60147132
4.59943559
4.59760648
4.59605774
4.59461336
4.59320437
4.59197903
4.59097820
4.59012319
4.58955406
4.58923560
4.58940604
4.58969753
4.59011695
4.59070617
4.59146140
4.59228331
4.59315277
4.59391832
4.59447945
4.59515764
4.59588046
4.59647066
4.59701043
4.59755410
4.59790751
4.59802792
4.59796216
4.59760369
4.59727990
4.59690615
4.59635807
4.59572836
4.59497580
4.59417297
4.59375459
4.59366881
4.59382917
4.59404953
4.59411442
4.59379924
4.59328316
4.59263079
4.59210377
4.59142080
4.59047079
4.58944783
4.58846116
4.58738147
4.58628844
4.58513564
4.58388068
4.58266866
4.58153222
4.58066991
4.58010787
4.57968184
4.57915258
4.57855995
4.57797995
4.57761155
4.57740948
4.57708566
4.57650852
4.57573833
4.57476135
4.57366752
4.57249528
4.57126597
4.56987692
4.56831238
4.56661858
4.56482993
4.56282191
4.56097097
4.55924809
4.55771259
4.55635058
4.55505205
4.55381227
4.55244768
4.55105216
4.54964112
4.54832954
4.54711031
4.54626943
4.54580426
4.54572545
4.54599365
4.54640805
4.54697823
4.54758298
4.54810601
4.54869359
4.54922944
4.54948619
4.54944838
4.54910365
4.54856365
4.54781472
4.54705271
4.54630625
4.54547167
4.54465391
4.54378517
4.54287071
4.54204867
4.54129219
4.54031286
4.53907729
4.53749578
4.53594238
4.53444121
4.53291420
4.53128230
4.52948789
4.52774985
4.52642284
4.52557239
4.52500916
4.52462382
4.52426795
4.52387029
4.52343173
4.52281714
4.52214523
4.52139399
4.52060102
4.51993353
4.51926135
4.51853979
4.51792403
4.51763370
4.51764121
4.51800605
4.51844157
4.51910356
4.52026410
4.52190404
4.52376361
4.52588972
4.52821699
4.53079288
4.53359422
4.53683400
4.54035453
4.54373665
4.54710367
4.55009561
4.55265004
4.55487489
4.55682768
4.55832848
4.55949636
4.56053293
4.56148627
4.56220596
4.56282374
4.56325408
4.56357760
4.56371172
4.56380812
4.56364713
4.56326789
4.56266392
4.56196760
4.56135918
4.56066741
4.55986059
4.55890391
4.55818074
4.55743114
4.55660075
4.55572892
4.55508537
4.55452770
4.55390720
4.55328749
4.55269625
4.55231818
4.55207139
4.55171095
4.55124165
4.55086470
4.55079472
4.55118247
4.55167284
4.55219653
4.55267805
4.55314236
4.55346868
4.55348053
4.55318765
4.55271306
4.55199320
4.55093830
4.54958302
4.54812648
4.54655038
4.54493163
4.54307670
4.54109856
4.53926761
4.53762446
4.53597057
4.53447379
4.53340203
4.53291737
4.53266963
4.53267851
4.53272057
4.53270884
4.53254706
4.53237638
4.53215330
4.53214975
4.53218047
4.53244307
4.53320114
4.53432541
4.53569781
4.53718449
4.53863905
4.53997548
4.54120527
4.54244443
4.54347210
4.54432388
4.54503565
4.54567654
4.54624067
4.54673948
4.54729934
4.54782299
4.54828568
4.54864198
4.54881806
4.54901072
4.54931883
4.54987310
4.55045793
4.55095346
4.55139951
4.55170115
4.55203876
4.55220846
4.55203344
4.55156371
4.55093520
4.55030122
4.54986450
4.54951739
4.54910932
4.54864477
4.54836142
4.54838902
4.54884227
4.54969716
4.55062688
4.55157053
4.55265601
4.55387069
4.55514537
4.55642086
4.55750960
4.55851439
4.55943439
4.55998803
4.56020078
4.56028305
4.56025832
4.56010738
4.55979239
4.55913285
4.55810224
4.55693259
4.55589829
4.55486692
4.55404691
4.55342920
4.55305326
4.55308232
4.55340606
4.55407518
4.55488118
4.55556197
4.55615359
4.55707820
4.55816138
4.55918984
4.56022748
4.56104599
4.56163591
4.56233585
4.56308570
4.56378316
4.56429199
4.56449518
4.56461233
4.56461264
4.56431477
4.56386362
4.56325733
4.56289349
4.56288711
4.56335201
4.56418861
4.56521614
4.56644121
4.56786566
4.56938756
4.57112472
4.57308262
4.57496548
4.57695524
4.57879324
4.58048924
4.58209450
4.58354626
4.58470863
4.58551197
4.58603691
4.58658736
4.58705525
4.58780358
4.58869127
4.58987907
4.59131225
4.59318176
4.59550718
4.59790927
4.60051324
4.60337448
4.60613954
4.60857611
4.61042467
4.61162148
4.61236839
4.61265584
4.61244142
4.61205473
4.61192942
4.61215572
4.61287432
4.61393766
4.61523641
4.61671229
4.61798210
4.61912944
4.62020751
4.62102102
4.62160054
4.62199055
4.62210949
4.62203462
4.62172393
4.62125848
4.62086465
4.62080590
4.62091459
4.62139481
4.62179596
4.62195812
4.62169081
4.62101741
4.62000085
4.61871697
4.61721702
4.61551837
4.61367079
4.61186294
4.60999439
4.60827912
4.60720186
4.60652134
4.60598683
4.60561877
4.60543885
4.60553943
4.60585343
4.60600444
4.60611602
4.60631025
4.60659570
4.60695443
4.60741800
4.60812499
4.60883516
4.60938390
4.60966588
4.60982938
4.60975242
4.60958058
4.60926573
4.60878167
4.60817208
4.60720579
4.60610835
4.60492867
4.60375894
4.60261660
4.60159732
4.60064759
4.59954287
4.59810188
4.59645462
4.59458546
4.59267117
4.59042571
4.58778218
4.58490634
4.58167142
4.57793184
4.57405613
4.57001987
4.56573870
4.56132477
4.55683404
4.55243430
4.54820510
4.54400460
4.54009534
4.53652240
4.53315120
4.53015074
4.52769668
4.52565224
4.52373911
4.52171698
4.51969931
4.51800839
4.51667431
4.51564494
4.51499874
4.51474945
4.51480462
4.51510017
4.51536885
4.51545474
4.51551109
4.51565727
4.51599669
4.51670094
4.51756536
4.51871694
4.51994566
4.52118319
4.52222124
4.52292155
4.52345300
4.52406216
4.52480723
4.52562686
4.52644550
4.52728525
4.52818482
4.52910895
4.52996781
4.53102267
4.53247996
4.53439422
4.53651871
4.53865242
4.54073909
4.54279162
4.54470014
4.54672889
4.54894490
4.55122387
4.55336085
4.55554795
4.55772615
4.55993129
4.56222401
4.56440166
4.56629668
4.56785702
4.56910622
4.57024275
4.57111190
4.57170091
4.57211346
4.57224586
4.57211762
4.57179848
4.57162478
4.57139474
4.57105178
4.57068090
4.57044508
4.57025273
4.57010807
4.57001703
4.57032183
4.57087286
4.57168636
4.57254899
4.57352758
4.57462773
4.57567035
4.57701682
4.57880744
4.58099742
4.58331559
4.58550169
4.58765955
4.58971997
4.59173608
4.59382169
4.59600114
4.59840659
4.60096804
4.60335710
4.60547673
4.60727060
4.60876815
4.61004218
4.61109758
4.61196514
4.61276354
4.61341019
4.61395441
4.61437761
4.61461260
4.61465674
4.61445336
4.61399980
4.61346748
4.61274691
4.61174978
4.61042229
4.60878359
4.60701120
4.60513235
4.60312857
4.60099982
4.59861092
4.59638418
4.59459922
4.59350053
4.59275288
4.59256585
4.59269622
4.59290020
4.59310050
4.59312702
4.59320419
4.59322411
4.59321031
4.59323772
4.59329844
4.59350855
4.59365156
4.59373720
4.59369224
4.59333465
4.59249048
4.59130820
4.58976803
4.58803042
4.58617564
4.58432889
4.58246217
4.58043719
4.57851720
4.57684137
4.57536168
4.57400107
4.57266425
4.57119432
4.56957168
4.56799545
4.56630399
4.56434703
4.56233666
4.56034697
4.55839868
4.55626786
4.55392469
4.55147421
4.54885829
4.54626916
4.54377765
4.54137062
4.53895967
4.53636495
4.53393849
4.53169319
4.53011484
4.52918624
4.52875801
4.52860993
4.52858884
4.52849858
4.52846005
4.52859452
4.52887106
4.52909974
4.52948622
4.53010224
4.53127287
4.53296567
4.53491236
4.53704054
4.53918087
4.54107539
4.54274141
4.54432173
4.54580029
4.54710773
4.54844962
4.54977019
4.55118525
4.55253595
4.55393844
4.55516377
4.55625083
4.55741194
4.55860922
4.55970477
4.56057836
4.56123499
4.56218603
4.56320862
4.56409681
4.56472082
4.56517132
4.56526490
4.56499105
4.56446401
4.56364278
4.56280914
4.56180932
4.56077517
4.55961605
4.55838062
4.55704698
4.55571096
4.55432432
4.55300852
4.55180091
4.55047187
4.54896550
4.54724446
4.54555327
4.54361816
4.54162472
4.53974570
4.53812459
4.53678290
4.53560351
4.53460933
4.53391517
4.53353021
4.53315411
4.53317285
4.53346034
4.53391518
4.53435727
4.53499453
4.53572987
4.53666665
4.53759369
4.53878090
4.53979139
4.54066008
4.54159648
4.54243050
4.54290048
4.54289415
4.54224552
4.54116037
4.53976497
4.53818673
4.53625997
4.53420895
4.53223377
4.53038672
4.52867005
4.52678903
4.52491619
4.52301055
4.52117062
4.51931111
4.51783795
4.51649296
4.51547246
4.51485211
4.51454699
4.51442693
4.51422289
4.51386156
4.51340170
4.51290028
4.51230883
4.51153794
4.51061811
4.50956046
4.50855424
4.50773940
4.50701442
4.50636358
4.50588090
4.50586872
4.50618312
4.50667637
4.50728126
4.50800903
4.50878077
4.50929406
4.50961711
4.51006991
4.51075191
4.51145980
4.51199462
4.51269568
4.51350802
4.51424622
4.51492158
4.51547430
4.51608006
4.51674300
4.51749254
4.51859705
4.51971489
4.52108876
4.52258341
4.52446433
4.52671032
4.52904980
4.53128691
4.53326366
4.53518424
4.53697657
4.53876528
4.54052645
4.54235672
4.54420358
4.54581564
4.54736209
4.54876885
4.55000476
4.55133916
4.55277048
4.55416418
4.55582962
4.55756925
4.55909043
4.56032426
4.56142647
4.56247329
4.56334821
4.56415180
4.56514558
4.56610829
4.56689775
4.56754333
4.56840989
4.56935124
4.57013022
4.57072212
4.57115793
4.57142727
4.57162845
4.57197541
4.57215614
4.57211985
4.57219933
4.57219519
4.57214380
4.57221675
4.57249867
4.57258205
4.57246578
4.57204817
4.57177915
4.57183603
4.57217659
4.57305219
4.57429340
4.57576684
4.57721691
4.57880207
4.58048866
4.58205771
4.58343235
4.58454953
4.58527952
4.58571755
4.58592955
4.58604258
4.58586846
4.58538143
4.58484533
4.58437933
4.58397923
4.58355855
4.58296945
4.58216728
4.58114105
4.58000554
4.57886498
4.57802110
4.57737828
4.57672723
4.57612313
4.57546270
4.57522166
4.57513159
4.57540866
4.57587121
4.57645544
4.57708515
4.57789340
4.57860583
4.57907902
4.57947672
4.57993015
4.58026797
4.58062151
4.58124838
4.58197350
4.58284865
4.58373414
4.58490607
4.58630770
4.58785024
4.58919587
4.59026283
4.59108925
4.59162161
4.59197197
4.59234210
4.59265743
4.59293846
4.59298590
4.59279934
4.59221172
4.59147979
4.59078466
4.59019861
4.58953764
4.58873894
4.58774663
4.58678774
4.58576473
4.58468347
4.58334393
4.58178276
4.57994291
4.57776652
4.57522616
4.57248560
4.56999559
4.56751896
4.56520906
4.56301207
4.56109176
4.55930814
4.55748156
4.55558885
4.55352301
4.55151645
4.54970527
4.54803664
4.54651985
4.54530974
4.54423232
4.54312309
4.54208861
4.54101091
4.53994584
4.53867658
4.53716957
4.53548620
4.53378553
4.53224209
4.53085406
4.52957647
