5.16494845
5.28202541
5.29652058
5.28177576
5.25386475
5.21993550
5.18376587
5.14745685
5.11217528
5.07853299
5.04680187
5.01704461
4.98919771
4.96312561
4.93865624
4.91560430
4.89378618
4.87302903
4.85317593
4.83408827
4.81564645
4.79774924
4.78031258
4.76326792
4.74656037
4.73014687
4.71399443
4.69807845
4.68238125
4.66689070
4.65159913
4.63650230
4.62159856
4.60688819
4.59237277
4.57805475
4.56393708
4.55002290
4.53631530
4.52281720
4.50953120
4.49645948
4.48360379
4.47096538
4.45854504
4.44634306
4.43435927
4.42259308
4.41104348
4.39970911
4.38858825
4.37767890
4.36697880
4.35648544
4.34619614
4.33610805
4.32621817
4.31652341
4.30702058
4.29770643
4.28857766
4.27963094
4.27086292
4.26227026
4.25384962
4.24559767
4.23751112
4.22958671
4.22182119
4.21421140
4.20675419
4.19944647
4.19228520
4.18526740
4.17839013
4.17165052
4.16504574
4.15857303
4.15222967
4.14601302
4.13992047
4.13394947
4.12809753
4.12236221
4.11674112
4.11123192
4.10583232
4.10054008
4.09535301
4.09026896
4.08528584
4.08040158
4.07561417
4.07092165
4.06632209
4.06181360
4.05739434
4.05306250
4.04881631
4.04465404
4.04057400
4.03657452
4.03265398
4.02881080
4.02504340
4.02135027
4.01772992
4.01418088
4.01070173
4.00729105
4.00394748
4.00066968
3.99745632
3.99430612
3.99121782
3.98819017
3.98522198
3.98231204
3.97945920
3.97666233
3.97392030
3.97123203
3.96859645
3.96601250
3.96347916
3.96099543
3.95856032
3.95617287
3.95383213
3.95153718
3.94928711
3.94708102
3.94491805
3.94279735
3.94071808
3.93867942
3.93668057
3.93472074
3.93279916
3.93091508
3.92906776
3.92725647
3.92548050
3.92373916
3.92203176
3.92035764
3.91871614
3.91710662
3.91552845
3.91398102
3.91246372
3.91097595
3.90951714
3.90808672
3.90668414
3.90530884
3.90396029
3.90263797
3.90134136
3.90006996
3.89882328
3.89760082
3.89640213
3.89522672
3.89407415
3.89294397
3.89183575
3.89074904
3.88968343
3.88863852
3.88761389
3.88660914
3.88562390
3.88465778
3.88371040
3.88278140
3.88187042
3.88097712
3.88010114
3.87924215
3.87839981
3.87757381
3.87676382
3.87596953
3.87519064
3.87442684
3.87367784
3.87294336
3.87222311
3.87151682
3.87082420
3.87014501
3.86947897
3.86882582
3.86818533
3.86755724
3.86694131
3.86633731
3.86574500
3.86516416
3.86459456
3.86403599
3.86348823
3.86295107
3.86242430
3.86190773
3.86140115
3.86090437
3.86041721
3.85993947
3.85947097
3.85901154
3.85856099
3.85811915
3.85768587
3.85726096
3.85684427
3.85643563
3.85603490
3.85564191
3.85525653
3.85487859
3.85450797
3.85414450
3.85378807
3.85343852
3.85309573
3.85275956
3.85242990
3.85210660
3.85178955
3.85147863
3.85117372
3.85087470
3.85058146
3.85029388
3.85001186
3.84973529
3.84946406
3.84919807
3.84893723
3.84868142
3.84843055
3.84818453
3.84794326
3.84770665
3.84747461
3.84724705
3.84702389
3.84680504
3.84659042
3.84637994
3.84617352
3.84597109
3.84577257
3.84557789
3.84538696
3.84519972
3.84501610
3.84483602
3.84465942
3.84448623
3.84431638
3.84414981
3.84398646
3.84382626
3.84366915
3.84351508
3.84336398
3.84321580
3.84307048
3.84292797
3.84278820
3.84265114
3.84251672
3.84238489
3.84225561
3.84212882
3.84200448
3.84188255
3.84176296
3.84164568
3.84153067
3.84141788
3.84130726
3.84119878
3.84109239
3.84098806
3.84088574
3.84078539
3.84068698
3.84059047
3.84049582
3.84040300
3.84031197
3.84022270
3.84013514
3.84004928
3.83996508
3.83988250
3.83980151
3.83972209
3.83964420
3.83956781
3.83949290
3.83941943
3.83934738
3.83927672
3.83920742
3.83913946
3.83907281
3.83900745
3.83894335
3.83888048
3.83881883
3.83875837
3.83869907
3.83864092
3.83858389
3.83852796
3.83847311
3.83841932
3.83836656
3.83831483
3.83826409
3.83821433
3.83816553
3.83811767
3.83807073
3.83802471
3.83797956
3.83793529
3.83789188
3.83784930
3.83780754
3.83776659
3.83772643
3.83768704
3.83764841
3.83761053
3.83757338
3.83753694
3.83750121
3.83746617
3.83743180
3.83739810
3.83736505
3.83733263
3.83730084
3.83726966
3.83723909
3.83720910
3.83717969
3.83715085
3.83712257
3.83709483
3.83706763
3.83704095
3.83701478
3.83698912
3.83696396
3.83693928
3.83691508
3.83689134
3.83686806
3.83684524
3.83682285
3.83680089
3.83677936
3.83675824
3.83673753
3.83671722
3.83669730
3.83667776
3.83665860
3.83663981
3.83662139
3.83660332
3.83658559
3.83656821
3.83655117
3.83653445
3.83651806
3.83650198
3.83648621
3.83647075
3.83645558
3.83644071
3.83642612
3.83641182
3.83639779
3.83638403
3.83637054
3.83635731
3.83634433
3.83633160
3.83631912
3.83630688
3.83629488
3.83628310
3.83627156
3.83626023
3.83624913
3.83623824
3.83622756
3.83621708
3.83620681
3.83619673
3.83618685
3.83617716
3.83616766
3.83615834
3.83614920
3.83614024
3.83613145
3.83612283
3.83611437
3.83610608
3.83609795
3.83608997
3.83608215
3.83607448
3.83606696
3.83605958
3.83605235
3.83604525
3.83603829
3.83603147
3.83602478
3.83601821
3.83601178
3.83600546
3.83599927
3.83599320
3.83598725
3.83598141
3.83597568
3.83597006
3.83596455
3.83595915
3.83595385
3.83594866
3.83594356
3.83593857
3.83593366
3.83592886
3.83592414
3.83591952
3.83591499
3.83591054
3.83590618
3.83590191
3.83589771
3.83589360
3.83588957
3.83588561
3.83588173
3.83587793
3.83587419
3.83587053
3.83586695
3.83586343
3.83585997
3.83585659
3.83585327
3.83585001
3.83584682
3.83584369
3.83584062
3.83583761
3.83583465
3.83583176
3.83582892
3.83582613
3.83582340
3.83582072
3.83581809
3.83581551
3.83581298
3.83581051
3.83580807
3.83580569
3.83580335
3.83580106
3.83579881
3.83579661
3.83579444
3.83579232
3.83579024
3.83578820
3.83578620
3.83578424
3.83578231
3.83578043
3.83577857
3.83577676
3.83577498
3.83577323
3.83577152
3.83576984
3.83576820
3.83576658
3.83576500
3.83576344
3.83576192
3.83576043
3.83575896
3.83575752
3.83575612
3.83575473
3.83575338
3.83575205
3.83575074
3.83574947
3.83574821
3.83574698
3.83574578
3.83574459
3.83574343
3.83574230
3.83574118
3.83574009
3.83573902
3.83573796
3.83573693
3.83573592
3.83573493
3.83573395
3.83573300
3.83573206
3.83573114
3.83573024
3.83572936
3.83572849
3.83572765
3.83572681
3.83572600
3.83572519
3.83572441
3.83572364
3.83572288
3.83572214
3.83572141
3.83572070
3.83572000
3.83571932
3.83571865
3.83571799
3.83571734
3.83571671
3.83571608
3.83571547
3.83571488
3.83571429
3.83571371
3.83571315
3.83571260
3.83571205
3.83571152
3.83571100
3.83571049
3.83570999
3.83570949
3.83570901
3.83570854
3.83570807
3.83570762
3.83570717
3.83570673
3.83570630
3.83570588
3.83570547
3.83570506
3.83570467
3.83570428
3.83570389
3.83570352
3.83570315
3.83570279
3.83570244
3.83570209
3.83570175
3.83570142
3.83570109
3.83570077
3.83570045
3.83570015
3.83569984
3.83569955
3.83569926
3.83569897
3.83569869
3.83569842
3.83569815
3.83569788
3.83569762
3.83569737
3.83569712
3.83569688
3.83569664
3.83569640
3.83569617
3.83569595
3.83569572
3.83569551
3.83569529
3.83569509
3.83569488
3.83569468
3.83569448
3.83569429
3.83569410
3.83569391
3.83569373
3.83569355
3.83569338
3.83569320
3.83569304
3.83569287
3.83569271
3.83569255
3.83569239
3.83569224
3.83569209
3.83569194
3.83569180
3.83569166
3.83569152
3.83569138
3.83569125
3.83569112
3.83569099
3.83569086
3.83569074
3.83569062
3.83569050
3.83569038
3.83569027
3.83569016
3.83569005
3.83568994
3.83568983
3.83568973
3.83568963
3.83568953
3.83568943
3.83568933
3.83568924
3.83568915
3.83568906
3.83568897
3.83568888
3.83568880
3.83568871
3.83568863
3.83568855
3.83568847
3.83568839
3.83568832
3.83568824
3.83568817
3.83568810
3.83568803
3.83568796
3.83568789
3.83568783
3.83568776
3.83568770
3.83568764
3.83568757
3.83568751
3.83568746
3.83568740
3.83568734
3.83568729
3.83568723
3.83568718
3.83568712
3.83568707
3.83568702
3.83568697
3.83568692
3.83568688
3.83568683
3.83568678
3.83568674
3.83568670
3.83568665
3.83568661
3.83568657
3.83568653
3.83568649
3.83568645
3.83568641
3.83568637
3.83568634
3.83568630
3.83568626
3.83568623
3.83568620
3.83568616
3.83568613
3.83568610
3.83568607
3.83568603
3.83568600
3.83568597
3.83568595
3.83568592
3.83568589
3.83568586
3.83568583
3.83568581
3.83568578
3.83568576
3.83568573
3.83568571
3.83568568
3.83568566
3.83568564
3.83568561
3.83568559
3.83568557
3.83568555
3.83568553
3.83568551
3.83568549
3.83568547
3.83568545
3.83568543
3.83568541
3.83568539
3.83568537
3.83568535
3.83568534
3.83568532
3.83568530
3.83568529
3.83568527
3.83568526
3.83568524
3.83568523
3.83568521
3.83568520
3.83568518
3.83568517
3.83568515
3.83568514
3.83568513
3.83568511
3.83568510
3.83568509
3.83568508
3.83568507
3.83568505
3.83568504
3.83568503
3.83568502
3.83568501
3.83568500
3.83568499
3.83568498
3.83568497
3.83568496
3.83568495
3.83568494
3.83568493
3.83568492
3.83568491
3.83568490
3.83568489
3.83568489
3.83568488
3.83568487
3.83568486
3.83568485
3.83568485
3.83568484
3.83568483
3.83568482
3.83568482
3.83568481
3.83568480
3.83568480
3.83568479
3.83568478
3.83568478
3.83568477
3.83568477
3.83568476
3.83568475
3.83568475
3.83568474
3.83568474
3.83568473
3.83568473
3.83568472
3.83568472
3.83568471
3.83568471
3.83568470
3.83568470
3.83568469
3.83568469
3.83568468
3.83568468
3.83568467
3.83568467
3.83568467
3.83568466
3.83568466
3.83568465
3.83568465
3.83568465
3.83568464
3.83568464
3.83568464
3.83568463
3.83568463
3.83568463
3.83568462
3.83568462
3.83568462
3.83568461
3.83568461
3.83568461
3.83568460
3.83568460
3.83568460
3.83568460
3.83568459
3.83568459
3.83568459
3.83568459
3.83568458
3.83568458
3.83568458
3.83568458
3.83568457
3.83568457
3.83568457
3.83568457
3.83568457
3.83568456
3.83568456
3.83568456
3.83568456
3.83568456
3.83568455
3.83568455
3.83568455
3.83568455
3.83568455
3.83568455
3.83568454
3.83568454
3.83568454
3.83568454
3.83568454
3.83568454
3.83568453
3.83568453
3.83568453
3.83568453
3.83568453
3.83568453
3.83568453
3.83568452
3.83568452
3.83568452
3.83568452
3.83568452
3.83568452
3.83568452
3.83568452
3.83568451
3.83568451
3.83568451
3.83568451
3.83568451
3.83568451
3.83568451
3.83568451
3.83568451
3.83568451
3.83568450
3.83568450
3.83568450
3.83568450
3.83568450
3.83568450
3.83568450
3.83568450
3.83568450
3.83568450
3.83568450
3.83568450
3.83568450
3.83568449
3.83568449
3.83568449
3.83568449
3.83568449
3.83568449
3.83568449
3.83568449
3.83568449
3.83568449
3.83568449
3.83568449
3.83568449
3.83568449
3.83568449
3.83568449
3.83568448
3.83568448
3.83568448
3.83568448
3.83568448
3.83568448
3.83568448
3.83568448
3.83568448
3.83568448
3.83568448
3.83568448
3.83568448
3.83568448
3.83568448
3.83568448
3.83568448
3.83568448
3.83568448
3.83568448
3.83568448
3.83568448
3.83568448
3.83568448
3.83568448
3.83568447
3.83568447
3.83568447
3.83568447
3.83568447
3.83568447
3.83568447
3.83568447
3.83568447
3.83568447
3.83568447
3.83568447
3.83568447
3.83568447
3.83568447
3.83568447
3.83568447
3.83568447
3.83568447
3.83568447
3.83568447
3.83568447
3.83568447
3.83568447
3.83568447
3.83568447
3.83568447
3.83568447
3.83568447
3.83568447
3.83568447
3.83568447
3.83568447
3.83568447
3.83568447
3.83568447
3.83568447
3.83568447
3.83568447
3.83568447
3.83568447
3.83568447
3.83568447
3.83568447
3.83568447
3.83568447
3.83568447
3.83568447
3.83568446
3.83568446
3.83568446
3.83568446
3.83568446
3.83568446
3.83568446
3.83568446
3.83568446
3.83568446
3.83568446
3.83568446
3.83568446
