5.01063830
5.15207661
5.18586446
5.18686158
5.17265729
5.15121928
5.12684000
5.10189719
5.07770700
5.05499558
5.03414017
5.01528904
4.99844360
4.98351781
4.97038005
4.95887638
4.94884604
4.94012996
4.93257585
4.92604174
4.92039830
4.91552954
4.91133256
4.90771689
4.90460350
4.90192368
4.89961783
4.89763437
4.89592873
4.89446241
4.89320222
4.89211948
4.89118949
4.89039092
4.88970538
4.88911698
4.88861205
4.88817878
4.88780698
4.88748790
4.88721397
4.88697867
4.88677639
4.88660229
4.88645223
4.88632265
4.88621052
4.88611324
4.88602861
4.88595477
4.88589014
4.88583339
4.88578338
4.88573916
4.88569991
4.88566495
4.88563370
4.88560568
4.88558046
4.88555768
4.88553707
4.88551835
4.88550131
4.88548577
4.88547156
4.88545856
4.88544665
4.88543573
4.88542570
4.88541649
4.88540803
4.88540026
4.88539312
4.88538655
4.88538051
4.88537496
4.88536986
4.88536517
4.88536086
4.88535690
4.88535327
4.88534993
4.88534686
4.88534405
4.88534147
4.88533910
4.88533693
4.88533495
4.88533313
4.88533147
4.88532995
4.88532856
4.88532730
4.88532614
4.88532509
4.88532414
4.88532327
4.88532248
4.88532177
4.88532112
4.88532054
4.88532001
4.88531954
4.88531911
4.88531873
4.88531839
4.88531808
4.88531781
4.88531756
4.88531735
4.88531715
4.88531699
4.88531684
4.88531671
4.88531660
4.88531650
4.88531641
4.88531634
4.88531628
4.88531623
4.88531618
4.88531615
4.88531612
4.88531610
4.88531608
4.88531606
4.88531605
4.88531605
4.88531604
4.88531604
4.88531604
4.88531604
4.88531605
4.88531605
4.88531606
4.88531606
4.88531607
4.88531608
4.88531609
4.88531609
4.88531610
4.88531611
4.88531612
4.88531613
4.88531613
4.88531614
4.88531615
4.88531616
4.88531616
4.88531617
4.88531618
4.88531618
4.88531619
4.88531620
4.88531620
4.88531621
4.88531621
4.88531622
4.88531622
4.88531623
4.88531623
4.88531624
4.88531624
4.88531624
4.88531625
4.88531625
4.88531625
4.88531626
4.88531626
4.88531626
4.88531626
4.88531627
4.88531627
4.88531627
4.88531627
4.88531628
4.88531628
4.88531628
4.88531628
4.88531628
4.88531628
4.88531629
4.88531629
4.88531629
4.88531629
4.88531629
4.88531629
4.88531629
4.88531629
4.88531629
4.88531630
4.88531630
4.88531630
4.88531630
4.88531630
4.88531630
4.88531630
4.88531630
4.88531630
4.88531630
4.88531630
4.88531630
4.88531630
4.88531630
4.88531630
4.88531630
4.88531630
4.88531630
4.88531630
4.88531630
4.88531630
4.88531630
4.88531630
4.88531630
4.88531630
4.88531630
4.88531630
4.88531630
4.88531630
4.88531630
4.88531630
4.88531630
4.88531630
4.88531630
4.88531630
4.88531630
4.88531630
4.88531630
4.88531630
4.88531630
4.88531630
4.88531630
4.88531630
4.88531630
4.88531630
4.88531630
4.88531630
4.88531630
4.88531630
4.88531630
4.88531630
4.88531630
4.88531630
4.88531630
4.88531630
4.88531630
4.88531630
4.88531630
4.88531630
4.88531630
4.88531630
4.88531630
4.88531630
4.88531630
4.88531630
4.88531630
4.88531630
4.88531630
4.88531630
4.88531630
4.88531630
4.88531630
4.88531630
4.88531630
4.88531630
4.88531630
4.88531630
4.88531630
4.88531630
4.88531630
4.88531630
4.88531630
4.88531630
4.88531630
4.88531630
4.88531630
4.88531630
4.88531630
4.88531630
4.88531630
4.88531630
4.88531630
4.88531630
4.88531630
4.88531630
4.88531630
4.88531630
4.88531630
4.88531630
4.88531630
4.88531630
4.88531630
4.88531630
4.88531630
4.88531630
4.88531630
4.88531630
4.88531630
4.88531630
4.88531630
4.88531630
4.88531630
4.88531630
4.88531630
4.88531630
4.88531630
4.88531630
4.88531630
4.88531630
4.88531630
4.88531630
4.88531630
4.88531630
4.88531630
4.88531630
4.88531630
4.88531630
4.88531630
4.88531630
4.88531630
4.88531630
4.88531630
4.88531630
4.88531630
4.88531630
4.88531630
4.88531630
4.88531630
4.88531630
4.88531630
4.88531630
4.88531630
4.88531630
4.88531630
4.88531630
4.88531630
4.88531630
4.88531630
4.88531630
4.88531630
4.88531630
4.88531630
4.88531630
4.88531630
4.88531630
4.88531630
4.88531630
4.88531630
4.88531630
4.88531630
4.88531630
4.88531630
4.88531630
4.88531630
4.88531630
4.88531630
4.88531630
4.88531630
4.88531630
4.88531630
4.88531630
4.88531630
4.88531630
4.88531630
4.88531630
4.88531630
4.88531630
4.88531630
4.88531630
4.88531630
4.88531630
4.88531630
4.88531630
4.88531630
4.88531630
4.88531630
4.88531630
4.88531630
4.88531630
4.88531630
4.88531630
4.88531630
4.88531630
4.88531630
4.88531630
4.88531630
4.88531630
4.88531630
4.88531630
4.88531630
4.88531630
4.88531630
4.88531630
4.88531630
4.88531630
4.88531630
4.88531630
4.88531630
4.88531630
4.88531630
4.88531630
4.88531630
4.88531630
4.88531630
4.88531630
4.88531630
4.88531630
4.88531630
4.88531630
4.88531630
4.88531630
4.88531630
4.88531630
4.88531630
4.88531630
4.88531630
4.88531630
4.88531630
4.88531630
4.88531630
4.88531630
4.88531630
4.88531630
4.88531630
4.88531630
4.88531630
4.88531630
4.88531630
4.88531630
4.88531630
4.88531630
4.88531630
4.88531630
4.88531630
4.88531630
4.88531630
4.88531630
4.88531630
4.88531630
4.88531630
4.88531630
4.88531630
4.88531630
4.88531630
4.88531630
4.88531630
4.88531630
4.88531630
4.88531630
4.88531630
4.88531630
4.88531630
4.88531630
4.88531630
4.88531630
4.88531630
4.88531630
4.88531630
4.88531630
4.88531630
4.88531630
4.88531630
4.88531630
4.88531630
4.88531630
4.88531630
4.88531630
4.88531630
4.88531630
4.88531630
4.88531630
4.88531630
4.88531630
4.88531630
4.88531630
4.88531630
4.88531630
4.88531630
4.88531630
4.88531630
4.88531630
4.88531630
4.88531630
4.88531630
4.88531630
4.88531630
4.88531630
4.88531630
4.88531630
4.88531630
4.88531630
4.88531630
4.88531630
4.88531630
4.88531630
4.88531630
4.88531630
4.88531630
4.88531630
4.88531630
4.88531630
4.88531630
4.88531630
4.88531630
4.88531630
4.88531630
4.88531630
4.88531630
4.88531630
4.88531630
4.88531630
4.88531630
4.88531630
4.88531630
4.88531630
4.88531630
4.88531630
4.88531630
4.88531630
4.88531630
4.88531630
4.88531630
4.88531630
4.88531630
4.88531630
4.88531630
4.88531630
4.88531630
4.88531630
4.88531630
4.88531630
4.88531630
4.88531630
4.88531630
4.88531630
4.88531630
4.88531630
4.88531630
4.88531630
4.88531630
4.88531630
4.88531630
4.88531630
4.88531630
4.88531630
4.88531630
4.88531630
4.88531630
4.88531630
4.88531630
4.88531630
4.88531630
4.88531630
4.88531630
4.88531630
4.88531630
4.88531630
4.88531630
4.88531630
4.88531630
4.88531630
4.88531630
4.88531630
4.88531630
4.88531630
4.88531630
4.88531630
4.88531630
4.88531630
4.88531630
4.88531630
4.88531630
4.88531630
4.88531630
4.88531630
4.88531630
4.88531630
4.88531630
4.88531630
4.88531630
4.88531630
4.88531630
4.88531630
4.88531630
4.88531630
4.88531630
4.88531630
4.88531630
4.88531630
4.88531630
4.88531630
4.88531630
4.88531630
4.88531630
4.88531630
4.88531630
4.88531630
4.88531630
4.88531630
4.88531630
4.88531630
4.88531630
4.88531630
4.88531630
4.88531630
4.88531630
4.88531630
4.88531630
4.88531630
4.88531630
4.88531630
4.88531630
4.88531630
4.88531630
4.88531630
4.88531630
4.88531630
4.88531630
4.88531630
4.88531630
4.88531630
4.88531630
4.88531630
4.88531630
4.88531630
4.88531630
4.88531630
4.88531630
4.88531630
4.88531630
4.88531630
4.88531630
4.88531630
4.88531630
4.88531630
4.88531630
4.88531630
4.88531630
4.88531630
4.88531630
4.88531630
4.88531630
4.88531630
4.88531630
4.88531630
4.88531630
4.88531630
4.88531630
4.88531630
4.88531630
4.88531630
4.88531630
4.88531630
4.88531630
4.88531630
4.88531630
4.88531630
4.88531630
4.88531630
4.88531630
4.88531630
4.88531630
4.88531630
4.88531630
4.88531630
4.88531630
4.88531630
4.88531630
4.88531630
4.88531630
4.88531630
4.88531630
4.88531630
4.88531630
4.88531630
4.88531630
4.88531630
4.88531630
4.88531630
4.88531630
4.88531630
4.88531630
4.88531630
4.88531630
4.88531630
4.88531630
4.88531630
4.88531630
4.88531630
4.88531630
4.88531630
4.88531630
4.88531630
4.88531630
4.88531630
4.88531630
4.88531630
4.88531630
4.88531630
4.88531630
4.88531630
4.88531630
4.88531630
4.88531630
4.88531630
4.88531630
4.88531630
4.88531630
4.88531630
4.88531630
4.88531630
4.88531630
4.88531630
4.88531630
4.88531630
4.88531630
4.88531630
4.88531630
4.88531630
4.88531630
4.88531630
4.88531630
4.88531630
4.88531630
4.88531630
4.88531630
4.88531630
4.88531630
4.88531630
4.88531630
4.88531630
4.88531630
4.88531630
4.88531630
4.88531630
4.88531630
4.88531630
4.88531630
4.88531630
4.88531630
4.88531630
4.88531630
4.88531630
4.88531630
4.88531630
4.88531630
4.88531630
4.88531630
4.88531630
4.88531630
4.88531630
4.88531630
4.88531630
4.88531630
4.88531630
4.88531630
4.88531630
4.88531630
4.88531630
4.88531630
4.88531630
4.88531630
4.88531630
4.88531630
4.88531630
4.88531630
4.88531630
4.88531630
4.88531630
4.88531630
4.88531630
4.88531630
4.88531630
4.88531630
4.88531630
4.88531630
4.88531630
4.88531630
4.88531630
4.88531630
4.88531630
4.88531630
4.88531630
4.88531630
4.88531630
4.88531630
4.88531630
4.88531630
4.88531630
4.88531630
4.88531630
4.88531630
4.88531630
4.88531630
4.88531630
4.88531630
4.88531630
4.88531630
4.88531630
4.88531630
4.88531630
4.88531630
4.88531630
4.88531630
4.88531630
4.88531630
4.88531630
4.88531630
4.88531630
4.88531630
4.88531630
4.88531630
4.88531630
4.88531630
4.88531630
4.88531630
4.88531630
4.88531630
4.88531630
4.88531630
4.88531630
4.88531630
4.88531630
4.88531630
4.88531630
4.88531630
4.88531630
4.88531630
4.88531630
4.88531630
4.88531630
4.88531630
4.88531630
4.88531630
4.88531630
4.88531630
4.88531630
4.88531630
4.88531630
4.88531630
4.88531630
4.88531630
4.88531630
4.88531630
4.88531630
4.88531630
4.88531630
4.88531630
4.88531630
4.88531630
4.88531630
4.88531630
4.88531630
4.88531630
4.88531630
4.88531630
4.88531630
4.88531630
4.88531630
4.88531630
4.88531630
4.88531630
4.88531630
4.88531630
4.88531630
4.88531630
4.88531630
4.88531630
4.88531630
4.88531630
4.88531630
4.88531630
4.88531630
4.88531630
4.88531630
4.88531630
4.88531630
4.88531630
4.88531630
4.88531630
4.88531630
4.88531630
4.88531630
4.88531630
4.88531630
4.88531630
4.88531630
4.88531630
4.88531630
4.88531630
4.88531630
4.88531630
4.88531630
4.88531630
4.88531630
4.88531630
4.88531630
4.88531630
4.88531630
4.88531630
4.88531630
4.88531630
4.88531630
4.88531630
4.88531630
4.88531630
4.88531630
4.88531630
4.88531630
4.88531630
4.88531630
4.88531630
4.88531630
4.88531630
4.88531630
4.88531630
4.88531630
4.88531630
4.88531630
4.88531630
4.88531630
4.88531630
4.88531630
4.88531630
4.88531630
4.88531630
4.88531630
4.88531630
4.88531630
4.88531630
4.88531630
4.88531630
4.88531630
4.88531630
4.88531630
4.88531630
4.88531630
4.88531630
4.88531630
4.88531630
4.88531630
4.88531630
4.88531630
4.88531630
4.88531630
4.88531630
4.88531630
4.88531630
4.88531630
4.88531630
4.88531630
4.88531630
4.88531630
4.88531630
4.88531630
4.88531630
4.88531630
4.88531630
4.88531630
4.88531630
4.88531630
4.88531630
4.88531630
4.88531630
4.88531630
4.88531630
4.88531630
4.88531630
4.88531630
4.88531630
4.88531630
4.88531630
4.88531630
4.88531630
4.88531630
4.88531630
4.88531630
4.88531630
4.88531630
4.88531630
4.88531630
4.88531630
4.88531630
4.88531630
4.88531630
4.88531630
4.88531630
4.88531630
4.88531630
4.88531630
4.88531630
4.88531630
4.88531630
4.88531630
4.88531630
4.88531630
4.88531630
4.88531630
4.88531630
4.88531630
