50.00000000
55.11705724
55.18634494
55.39437575
55.72571674
56.20422384
56.82955088
57.60128729
58.51811461
59.57797340
60.77815831
62.11538474
63.58584070
65.18522957
66.90880692
68.75141332
70.69409145
72.68324294
74.77012573
76.95005251
79.21701230
81.48536242
83.12514011
84.50209796
85.79466658
87.08639979
88.40380542
89.74443457
91.10593805
92.48597213
93.88218254
95.29220393
96.71366325
98.14418425
99.58139222
101.02291881
102.46640671
103.90951427
105.34992003
106.78532702
108.21346707
109.63210485
111.03562697
112.33834933
113.62636467
114.89774946
116.15069455
117.32592759
118.36137913
119.27053975
120.11703390
120.89093575
121.62112374
122.33174461
123.02222184
123.56552630
124.06673818
124.48757869
124.87074741
125.20876407
125.46727182
125.71055453
125.93862485
126.15152875
126.34932954
126.50650001
126.63609954
126.75290998
126.85707663
126.94876715
127.02729288
127.09151518
127.14051295
127.17194244
127.18553269
127.18164120
127.16066045
127.12249490
127.06605836
126.99064104
126.89610435
126.78308813
126.65227221
126.50437237
126.34013667
126.16034177
125.96578930
125.75730229
125.53572159
125.30190248
125.05593395
124.79806391
124.52919629
124.25005728
123.96064357
123.66192175
123.35485852
123.04041547
122.71954592
122.39319186
122.06228112
121.72539374
121.38264543
121.03501967
120.68348794
120.32900507
119.97250600
119.61490306
119.25708355
118.89990753
118.54420579
118.19077805
117.84039132
117.49377842
117.15163670
116.81462693
116.48337234
116.15845782
115.84042931
115.52979335
115.22701669
114.93252623
114.64670891
114.36991188
114.10244274
113.84456989
113.59652311
113.35849410
113.13063728
112.91307058
112.71630157
112.53492187
112.36328563
112.20138133
112.04916749
111.90657381
111.77350247
111.64982949
111.53540613
111.43006030
111.33359810
111.24580524
111.16644863
111.09527787
111.03202681
110.97641509
110.92814970
110.88692647
110.85243160
110.82434316
110.80233255
110.78606593
110.77520561
110.76941146
110.76834213
110.77165643
110.77901448
110.79007891
110.80451593
110.82199648
110.84219711
110.86480101
110.88949886
110.91598960
110.94398124
110.97319153
111.00334854
111.03419126
111.06547010
111.09694727
111.12838675
111.15047685
111.16563895
111.17990409
111.19314610
111.20526765
111.21618541
111.22582830
111.23413680
111.24106266
111.24656851
111.25062762
111.25322350
111.25434950
111.25400844
111.25221215
111.24898101
111.24434349
111.23833564
111.23100056
111.22238793
111.21255345
111.20155828
111.18946855
111.17635477
111.16229133
111.14735593
111.13162907
111.11519352
111.09813381
111.08053572
111.06248580
111.04407091
111.02537773
110.99637350
110.96516230
110.93404676
110.90312517
110.87249644
110.84225900
110.81250945
110.78334144
110.75484492
110.72710564
110.70020472
110.67421835
110.64921757
110.62526808
110.60243008
110.58075819
110.56030135
110.54110278
110.52319997
110.50662467
110.49140295
110.47755523
110.46509638
110.45403580
110.44437755
110.43612051
110.42925849
110.42378042
110.41967056
110.41690866
110.41547022
110.41532666
110.41644557
110.41879097
110.42232355
110.42700090
110.43277778
110.43960639
110.44743663
110.45621636
110.46589166
110.47640710
110.48770599
110.49973066
110.51242269
110.52572316
110.53957291
110.55391276
110.56868374
110.58382732
110.59928562
110.61500159
110.63091924
110.64698379
110.66314185
110.67934160
110.69553291
110.71166750
110.72769905
110.74358334
110.75927830
110.77474416
110.78994350
110.80484130
110.81940504
110.83360469
110.84741277
110.86080439
110.87375720
110.88625144
110.89826994
110.90979802
110.92082354
110.93133684
110.94133066
110.95080011
110.95974261
110.96815779
110.97604744
110.98341544
110.99026760
110.99661166
111.00245710
111.00781511
111.01269843
111.01712129
111.02109924
111.02221512
111.02280462
111.02299384
111.02280447
111.02225911
111.02138109
111.02019435
111.01872327
111.01699263
111.01502743
111.01285283
111.01049399
111.00797601
111.00532380
111.00256197
110.99971479
110.99680604
110.99385895
110.99089614
110.98793950
110.98501016
110.98212843
110.97931369
110.97658440
110.97395801
110.97145094
110.96907852
110.96685501
110.96479352
110.96290600
110.96120327
110.95969496
110.95838953
110.95729426
110.95641528
110.95575755
110.95532490
110.95512001
110.95514451
110.95539893
110.95588274
110.95659445
110.95753156
110.95869067
110.96006747
110.96165683
110.96345280
110.96544870
110.96763716
110.97001015
110.97255905
110.97527471
110.97814749
110.98116732
110.98432375
110.98760602
110.99100309
110.99450370
110.99809644
111.00176980
111.00551218
111.00931198
111.01315766
111.01703774
111.02094086
111.02485584
111.02877172
111.03267778
111.03656357
111.04041898
111.04423424
111.04799997
111.05170717
111.05534730
111.05891225
111.06239440
111.06578661
111.06908225
111.07227518
111.07535982
111.07833110
111.08118449
111.08391600
111.08652218
111.08900011
111.09134742
111.09356225
111.09564326
111.09758963
111.09940103
111.10107761
111.10262001
111.10402929
111.10530698
111.10645501
111.10747570
111.10837176
111.10914626
111.10980258
111.11034443
111.11077579
111.11110093
111.11132432
111.11145068
111.11148489
111.11143201
111.11129723
111.11108587
111.11080332
111.11045507
111.11004662
111.10958351
111.10907128
111.10851544
111.10792148
111.10729481
111.10664075
111.10596456
111.10527134
111.10456609
111.10385364
111.10307060
111.10188180
111.10070030
111.09952986
111.09837510
111.09724077
111.09613148
111.09505162
111.09400536
111.09299662
111.09202905
111.09110604
111.09023072
111.08940592
111.08863422
111.08791790
111.08725898
111.08665919
111.08612000
111.08564261
111.08522795
111.08487669
111.08458924
111.08436578
111.08420625
111.08411034
111.08407753
111.08410709
111.08419809
111.08434939
111.08455969
111.08482749
111.08515115
111.08552887
111.08595872
111.08643862
111.08696640
111.08753976
111.08815633
111.08881363
111.08950913
111.09024023
111.09100428
111.09179859
111.09262044
111.09346709
111.09433581
111.09522384
111.09612845
111.09704692
111.09797657
111.09891474
111.09985882
111.10080626
111.10175455
111.10270125
111.10364401
111.10458054
111.10550861
111.10642612
111.10733103
111.10781663
111.10794697
111.10806452
111.10816874
111.10826001
111.10833885
111.10840585
111.10846172
111.10850719
111.10854307
111.10857020
111.10858943
111.10860164
111.10860772
111.10860855
111.10860499
111.10859792
111.10858818
111.10857658
111.10856393
111.10855100
111.10853853
111.10852721
111.10851774
111.10851073
111.10850680
111.10850650
111.10851035
111.10851884
111.10853241
111.10855146
111.10857636
111.10860744
111.10864497
111.10868921
111.10874036
111.10879859
111.10886405
111.10893683
111.10901698
111.10910455
111.10919953
111.10930188
111.10941154
111.10952842
111.10965239
111.10978330
111.10992099
111.11006525
111.11021587
111.11037260
111.11053518
111.11070334
111.11087679
111.11105521
111.11123828
111.11142566
111.11161702
111.11181199
111.11201021
111.11221132
111.11241494
111.11262069
111.11282818
111.11303705
111.11324690
111.11345736
111.11366805
111.11387858
111.11408860
111.11429773
111.11450561
111.11471190
111.11491624
111.11511830
111.11531776
111.11551429
111.11570760
111.11589739
111.11608338
111.11626530
111.11644289
111.11661592
111.11678414
111.11694735
111.11710535
111.11725794
111.11740496
111.11754625
111.11768167
111.11781108
111.11793438
111.11805147
111.11816225
111.11826667
111.11836466
111.11845618
111.11854121
111.11861974
111.11869175
111.11875726
111.11881630
111.11886890
111.11891511
111.11895498
111.11898859
111.11901602
111.11903736
111.11905271
111.11906218
111.11906588
111.11906394
111.11905649
111.11904368
111.11902564
111.11900254
111.11897453
111.11894177
111.11890442
111.11886267
111.11881669
111.11876665
111.11871273
111.11865512
111.11859400
111.11852955
111.11846196
111.11839141
111.11831810
111.11824219
111.11816389
111.11808337
111.11800080
111.11791638
111.11783027
111.11774265
111.11765369
111.11756355
111.11747240
111.11738040
111.11728770
111.11719445
111.11710081
111.11700691
111.11691288
111.11681888
111.11672501
111.11663140
111.11653818
111.11644544
111.11635330
111.11626187
111.11617122
111.11608146
111.11599267
111.11590493
111.11581831
111.11573288
111.11564870
111.11556584
111.11548434
111.11540425
111.11532562
111.11524848
111.11517287
111.11509881
111.11502633
111.11495544
111.11488617
111.11481852
111.11475249
111.11468811
111.11462535
111.11456422
111.11450471
111.11444681
111.11439050
111.11433578
111.11428261
111.11423098
111.11418086
111.11413223
111.11408506
111.11403931
111.11399496
111.11395198
111.11391031
111.11386994
111.11383082
111.11379291
111.11375618
111.11372058
111.11368608
111.11365263
111.11362020
111.11358873
111.11355820
111.11352855
111.11349976
111.11347177
111.11344454
111.11341805
111.11339224
111.11336709
111.11334254
111.11331858
111.11329515
111.11327222
111.11324977
111.11322775
111.11320614
111.11318490
111.11316401
111.11314343
111.11312314
111.11310311
111.11308332
111.11306375
111.11304436
111.11302515
111.11300609
111.11298716
111.11296835
111.11294963
111.11293100
111.11291244
111.11289395
111.11287549
111.11285708
111.11283870
111.11282033
111.11280198
111.11278364
111.11276531
111.11274697
111.11272863
111.11271029
111.11269195
111.11267359
111.11265524
111.11263687
111.11261851
111.11260015
111.11258179
111.11256344
111.11254510
111.11252678
111.11250847
111.11249020
111.11247195
111.11245375
111.11243559
111.11241748
111.11239943
111.11238145
111.11236353
111.11234570
111.11232795
111.11231030
111.11229274
111.11227530
111.11225797
111.11224076
111.11222368
111.11220673
111.11218993
111.11217327
111.11215677
111.11214042
111.11212425
111.11210824
111.11209241
111.11207676
111.11206130
111.11204602
111.11203095
111.11201606
111.11200138
111.11198690
111.11197263
111.11195857
111.11194472
111.11193108
111.11191766
111.11190445
111.11189146
111.11187869
111.11186613
111.11185380
111.11184167
111.11182977
111.11181808
111.11180660
111.11179534
111.11178429
111.11177344
111.11176281
111.11175238
111.11174215
111.11173212
111.11172229
111.11171266
111.11170321
111.11169395
111.11168488
111.11167599
111.11166727
111.11165873
111.11165036
111.11164215
111.11163410
111.11162622
111.11161848
111.11161090
111.11160346
111.11159617
111.11158901
111.11158198
111.11157509
111.11156832
111.11156168
111.11155515
111.11154874
111.11154243
111.11153624
111.11153015
111.11152415
111.11151826
111.11151246
111.11150675
111.11150112
111.11149558
111.11149013
111.11148475
111.11147944
111.11147421
111.11146905
111.11146396
111.11145893
111.11145397
111.11144907
111.11144423
111.11143946
111.11143473
111.11143007
111.11142545
111.11142089
111.11141638
111.11141193
111.11128256
111.11113223
111.11098271
111.11083437
111.11068767
111.11054304
111.11040090
111.11026162
111.11012554
111.10999301
111.10986431
111.10973972
111.10961949
111.10950385
111.10939302
111.10928717
111.10918648
111.10909110
111.10900116
111.10891678
111.10883804
111.10876503
111.10869781
111.10863643
111.10858092
111.10853130
111.10848757
111.10844971
111.10841770
111.10839151
111.10837109
111.10835637
111.10834728
111.10834373
111.10834564
111.10835290
111.10836540
111.10838301
111.10840560
111.10843305
111.10846520
111.10850190
111.10854301
111.10858835
111.10863776
111.10869106
111.10874809
111.10880867
111.10887261
111.10893972
111.10900983
111.10908274
111.10915827
111.10923623
111.10931642
111.10939866
111.10948275
111.10956851
111.10965576
111.10974430
111.10983395
111.10992453
111.11001587
111.11010778
111.11020010
111.11029265
111.11038527
111.11047780
111.11057008
111.11066195
111.11075327
111.11084390
111.11093369
111.11102251
111.11111023
111.11119673
111.11128189
111.11136560
111.11144774
111.11152822
111.11160694
111.11168381
111.11175874
111.11183165
111.11190248
111.11197115
111.11203760
111.11210177
111.11216361
111.11222308
111.11228013
111.11233474
111.11238686
111.11243648
111.11248357
111.11252812
111.11257013
111.11260958
111.11264647
111.11268082
111.11271262
111.11274189
111.11276865
111.11279292
111.11281471
111.11283407
111.11285102
111.11286560
111.11287783
111.11288778
111.11289547
111.11290095
111.11290428
111.11290551
111.11290468
111.11290185
111.11289709
111.11289044
111.11288198
111.11287175
111.11285983
111.11284628
111.11283117
111.11281455
111.11279650
111.11277708
111.11275636
111.11273441
111.11271129
111.11268708
111.11266183
111.11263563
111.11260853
111.11258059
111.11255190
111.11252250
111.11249247
111.11246186
111.11243075
111.11239919
111.11236723
111.11233495
111.11230240
111.11226963
111.11223670
111.11220366
111.11217056
111.11213746
111.11210440
111.11207143
111.11203860
111.11200594
111.11197351
111.11194133
111.11190946
111.11187792
111.11184675
111.11181599
111.11178566
111.11175580
111.11172643
111.11169757
111.11166926
111.11164152
111.11161436
111.11158781
111.11156187
111.11153658
111.11151194
111.11148796
111.11146466
111.11144204
111.11142012
111.11139889
111.11137837
111.11135855
111.11133944
111.11132105
