50.00000000
54.27020926
54.33746772
54.53109597
54.82572104
55.23656596
55.75503035
56.37311562
57.08251349
57.87474285
58.74122349
59.67332668
60.66241438
61.74691742
62.98600678
64.28574111
65.63492710
66.96247458
68.31416756
69.68956891
71.08131877
72.47368037
73.54187883
74.50056874
75.28145190
75.87494022
76.44464736
76.99011864
77.50843446
77.99684912
78.46716221
78.96310346
79.42782481
79.85580008
80.24460415
80.62832252
81.04775424
81.53513010
82.05396519
82.54436082
83.00458503
83.43295473
83.82784878
84.18770301
84.52031863
84.80393557
85.05621198
85.27231247
85.45047591
85.58959346
85.68739238
85.80880027
85.91326393
85.96039682
85.94379500
85.85286756
85.68518652
85.43972045
85.13061764
84.75883884
84.37746170
83.92427569
83.39924631
82.84593107
82.21201789
81.49318630
80.75758879
80.00534461
79.34399902
78.67697001
77.93273320
77.11154124
76.21353473
75.23340482
74.16842487
73.03297177
71.90903182
70.86455037
69.89995365
69.10090631
68.29945174
67.54589726
66.79758327
66.03094434
65.25513688
64.53921724
63.79028276
62.99915436
62.16482863
61.30284862
60.47444259
59.61988328
58.91360477
58.26720918
57.71265142
57.13777015
56.54337093
55.93012392
55.29866645
54.66873202
54.05463009
53.45782349
52.92804020
52.46702069
52.01334728
51.59144144
51.32186662
51.05024638
50.77664134
50.50110744
50.22369570
49.94445178
49.68209339
49.42909830
49.17442493
48.98108149
48.81384365
48.64525111
48.50914640
48.38514734
48.25747700
48.12606355
47.98931083
47.84557922
47.69429884
47.53539498
47.36802290
47.19115166
47.00475853
46.80884305
46.60342513
46.38854368
46.16425543
45.93063377
45.68776765
45.43576060
45.17472970
44.90737764
44.71634940
44.52570851
44.32937232
44.12746818
43.93128547
43.74562263
43.55592774
43.39398454
43.31434934
43.23114078
43.14435888
43.05390772
42.95968397
42.86159115
42.75954053
42.65345096
42.54324864
42.42818405
42.30607630
42.17687463
42.04054567
41.89707369
41.77769082
41.68219632
41.58107648
41.47436723
41.36208364
41.25010255
41.19205992
41.13029447
41.06486154
40.99577242
40.92303722
40.84666124
40.79237720
40.74695660
40.69943224
40.64977344
40.59792422
40.54382555
40.48741814
40.42864397
40.36744701
40.30377373
40.23757347
40.16879868
40.09740516
40.02335224
39.94660288
39.86712383
39.78488564
39.69986277
39.61203355
39.52138025
39.42788904
39.33154994
39.23235680
39.13030726
39.02540263
38.91764787
38.80705144
38.69362525
38.57738454
38.45834774
38.37735849
38.37735849
38.37735849
38.37735849
38.37735849
38.37735849
38.37735849
38.37735849
38.37735849
38.37735849
38.37735849
38.37735849
38.37735849
38.37735849
38.37735849
38.37735849
38.37735849
38.37735849
38.37735849
38.37735849
38.37735849
38.37735849
38.37735849
38.37735849
38.37735849
38.37735849
38.37735849
38.37735849
38.37735849
38.37735849
38.37735849
38.37735849
38.37735849
38.37735849
38.37735849
38.37735849
38.37735849
38.37735849
38.37735849
38.37735849
38.37735849
38.37735849
38.37735849
38.37735849
38.37735849
38.37735849
38.37735849
38.37735849
38.37735849
38.37735849
38.37735849
38.37735849
38.37735849
38.37735849
38.37735849
38.37735849
38.37735849
38.37735849
38.37735849
38.37735849
38.37735849
38.37735849
38.37735849
38.37735849
38.37735849
38.37735849
38.37735849
38.37735849
38.37735849
38.37735849
38.37735849
38.37735849
38.37735849
38.37735849
38.37735849
38.37735849
38.37735849
38.37735849
38.37735849
38.37735849
38.37735849
38.37735849
38.37735849
38.37735849
38.37735849
38.37735849
38.37735849
38.37735849
38.37735849
38.37735849
38.37735849
38.37735849
38.37735849
38.37735849
38.37735849
38.37735849
38.37735849
38.37735849
38.37735849
38.37735849
38.37735849
38.37735849
38.37735849
38.37735849
38.37735849
38.37735849
38.37735849
38.37735849
38.37735849
38.37735849
38.37735849
38.37735849
38.37735849
38.37735849
38.37735849
38.37735849
38.37735849
38.37735849
38.37735849
38.37735849
38.37735849
38.37735849
38.37735849
38.37735849
38.37735849
38.37735849
38.37735849
38.37735849
38.37735849
38.37735849
38.37735849
38.37735849
38.37735849
38.37735849
38.37735849
38.37735849
38.37735849
38.37735849
38.37735849
38.37735849
38.37735849
38.37735849
38.37735849
38.37735849
38.37735849
38.37735849
38.37735849
38.37735849
38.37735849
38.37735849
38.37735849
38.37735849
38.37735849
38.37735849
38.37735849
38.37735849
38.37735849
38.37735849
38.37735849
38.37735849
38.37735849
38.37735849
38.37735849
38.37735849
38.37735849
38.37735849
38.37735849
38.37735849
38.37735849
38.37735849
38.37735849
38.37735849
38.37735849
38.37735849
38.37735849
38.37735849
38.37735849
38.37735849
38.37735849
38.37735849
38.37735849
38.37735849
38.37735849
38.37735849
38.37735849
38.37735849
38.37735849
38.37735849
38.37735849
38.37735849
38.37735849
38.37735849
38.37735849
38.37735849
38.37735849
38.37735849
38.37735849
38.37735849
38.37735849
38.37735849
38.37735849
38.37735849
38.37735849
38.37735849
38.37735849
38.37735849
38.37735849
38.37735849
38.37735849
38.37735849
38.37735849
38.37735849
38.37735849
38.37735849
38.37735849
38.37735849
38.37735849
38.37735849
38.37735849
38.37735849
38.37735849
38.37735849
38.37735849
38.37735849
38.37735849
38.37735849
38.37735849
38.37735849
38.37735849
38.37735849
38.37735849
38.37735849
38.37735849
38.37735849
38.37735849
38.37735849
38.37735849
38.37735849
38.37735849
38.37735849
38.37735849
38.37735849
38.37735849
38.37735849
38.37735849
38.37735849
38.37735849
38.37735849
38.37735849
38.37735849
38.37735849
38.37735849
38.37735849
38.37735849
38.37735849
38.37735849
38.37735849
38.37735849
38.37735849
38.37735849
38.37735849
38.37735849
38.37735849
38.37735849
38.37735849
38.37735849
38.37735849
38.37735849
38.37735849
38.37735849
38.37735849
38.37735849
38.37735849
38.37735849
38.37735849
38.37735849
38.37735849
38.37735849
38.37735849
38.37735849
38.37735849
38.37735849
38.37735849
38.37735849
38.37735849
38.37735849
38.37735849
38.37735849
38.37735849
38.37735849
38.37735849
38.37735849
38.37735849
38.37735849
38.37735849
38.37735849
38.37735849
38.37735849
38.37735849
38.37735849
38.37735849
38.37735849
38.37735849
38.37735849
38.37735849
38.37735849
38.37735849
38.37735849
38.37735849
38.37735849
38.37735849
38.37735849
38.37735849
38.37735849
38.37735849
38.37735849
38.37735849
38.37735849
38.37735849
38.37735849
38.37735849
38.37735849
38.37735849
38.37735849
38.37735849
38.37735849
38.37735849
38.37735849
38.37735849
38.37735849
38.37735849
38.37735849
38.37735849
38.37735849
38.37735849
38.37735849
38.37735849
38.37735849
38.37735849
38.37735849
38.37735849
38.37735849
38.37735849
38.37735849
38.37735849
38.37735849
38.37735849
38.37735849
38.37735849
38.37735849
38.37735849
38.37735849
38.37735849
38.37735849
38.37735849
38.37735849
38.37735849
38.37735849
38.37735849
38.37735849
38.37735849
38.37735849
38.37735849
38.37735849
38.37735849
38.37735849
38.37735849
38.37735849
38.37735849
38.37735849
38.37735849
38.37735849
38.37735849
38.37735849
38.37735849
38.37735849
38.37735849
38.37735849
38.37735849
38.37735849
38.37735849
38.37735849
38.37735849
38.37735849
38.37735849
38.37735849
38.37735849
38.37735849
38.37735849
38.37735849
38.37735849
38.37735849
38.37735849
38.37735849
38.37735849
38.37735849
38.37735849
38.37735849
38.37735849
38.37735849
38.37735849
38.37735849
38.37735849
38.37735849
38.37735849
38.37735849
38.37735849
38.37735849
38.37735849
38.37735849
38.37735849
38.37735849
38.37735849
38.37735849
38.37735849
38.37735849
38.37735849
38.37735849
38.37735849
38.37735849
38.37735849
38.37735849
38.37735849
38.37735849
38.37735849
38.37735849
38.37735849
38.37735849
38.37735849
38.37735849
38.37735849
38.37735849
38.37735849
38.37735849
38.37735849
38.37735849
38.37735849
38.37735849
38.37735849
38.37735849
38.37735849
38.37735849
38.37735849
38.37735849
38.37735849
38.37735849
38.37735849
38.37735849
38.37735849
38.37735849
38.37735849
38.37735849
38.37735849
38.37735849
38.37735849
38.37735849
38.37735849
38.37735849
38.37735849
38.37735849
38.37735849
38.37735849
38.37735849
38.37735849
38.37735849
38.37735849
38.37735849
38.37735849
38.37735849
38.37735849
38.37735849
38.37735849
38.37735849
38.37735849
38.37735849
38.37735849
38.37735849
38.37735849
38.37735849
38.37735849
38.37735849
38.37735849
38.37735849
38.37735849
38.37735849
38.37735849
38.37735849
38.37735849
38.37735849
38.37735849
38.37735849
38.37735849
38.37735849
38.37735849
38.37735849
38.37735849
38.37735849
38.37735849
38.37735849
38.37735849
38.37735849
38.37735849
38.37735849
38.37735849
38.37735849
38.37735849
38.37735849
38.37735849
38.37735849
38.37735849
38.37735849
38.37735849
38.37735849
38.37735849
38.37735849
38.37735849
38.37735849
38.37735849
38.37735849
38.37735849
38.37735849
38.37735849
38.37735849
38.37735849
38.37735849
38.37735849
38.37735849
38.37735849
38.37735849
38.37735849
38.37735849
38.37735849
38.37735849
38.37735849
38.37735849
38.37735849
38.37735849
38.37735849
38.37735849
38.37735849
38.37735849
38.37735849
38.37735849
38.37735849
38.37735849
38.37735849
38.37735849
38.37735849
38.37735849
38.37735849
38.37735849
38.37735849
38.37735849
38.37735849
38.37735849
38.37735849
38.37735849
38.37735849
38.37735849
38.37735849
38.37735849
38.37735849
38.37735849
38.37735849
38.37735849
38.37735849
38.37735849
38.37735849
38.37735849
38.37735849
38.37735849
38.37735849
38.37735849
38.37735849
38.37735849
38.37735849
38.37735849
38.37735849
38.37735849
38.37735849
38.37735849
38.37735849
38.37735849
38.37735849
38.37735849
38.37735849
38.37735849
38.37735849
38.37735849
38.37735849
38.37735849
38.37735849
38.37735849
38.37735849
38.37735849
38.37735849
38.37735849
38.37735849
38.37735849
38.37735849
38.37735849
38.37735849
38.37735849
38.37735849
38.37735849
38.37735849
38.37735849
38.37735849
38.37735849
38.37735849
38.37735849
38.37735849
38.37735849
38.37735849
38.37735849
38.37735849
38.37735849
38.37735849
38.37735849
38.37735849
38.37735849
38.37735849
38.37735849
38.37735849
38.37735849
38.37735849
38.37735849
38.37735849
38.37735849
38.37735849
38.37735849
38.37735849
38.37735849
38.37735849
38.37735849
38.37735849
38.37735849
38.37735849
38.37735849
38.37735849
38.37735849
38.37735849
38.37735849
38.37735849
38.37735849
38.37735849
38.37735849
38.37735849
38.37735849
38.37735849
38.37735849
38.37735849
38.37735849
38.37735849
38.37735849
38.37735849
38.37735849
38.37735849
38.37735849
38.37735849
38.37735849
38.37735849
38.37735849
38.37735849
38.37735849
38.37735849
38.37735849
38.37735849
38.37735849
38.37735849
38.37735849
38.37735849
38.37735849
38.37735849
38.37735849
38.37735849
38.37735849
38.37735849
38.37735849
38.37735849
38.37735849
38.37735849
38.37735849
38.37735849
38.37735849
38.37735849
38.37735849
38.37735849
38.37735849
38.37735849
38.37735849
38.37735849
38.37735849
38.37735849
38.37735849
38.37735849
38.37735849
38.37735849
38.37735849
38.37735849
38.37735849
38.37735849
38.37735849
38.37735849
38.37735849
38.37735849
38.37735849
38.37735849
38.37735849
38.37735849
38.37735849
38.37735849
38.37735849
38.37735849
38.37735849
38.37735849
38.37735849
38.37735849
38.37735849
38.37735849
38.37735849
38.37735849
38.37735849
38.37735849
38.37735849
38.37735849
38.37735849
38.37735849
38.37735849
38.37735849
38.37735849
38.37735849
38.37735849
38.37735849
38.37735849
38.37735849
38.37735849
38.37735849
38.37735849
38.37735849
38.37735849
38.37735849
38.37735849
38.37735849
38.37735849
38.37735849
38.37735849
38.37735849
38.37735849
38.37735849
38.37735849
38.37735849
38.37735849
38.37735849
38.37735849
38.37735849
38.37735849
38.37735849
38.37735849
38.37735849
38.37735849
38.37735849
38.37735849
38.37735849
38.37735849
38.37735849
38.37735849
38.37735849
38.37735849
38.37735849
38.37735849
38.37735849
38.37735849
38.37735849
38.37735849
38.37735849
38.37735849
38.37735849
38.37735849
38.37735849
38.37735849
38.37735849
38.37735849
38.37735849
38.37735849
38.37735849
38.37735849
38.37735849
38.37735849
38.37735849
38.37735849
38.37735849
38.37735849
38.37735849
38.37735849
38.37735849
38.37735849
38.37735849
