50.00000000
54.27020926
54.33746772
54.54511717
54.88320037
55.37716245
56.02642112
56.83020064
57.78688734
58.89416257
60.14903839
61.54792468
63.08667757
64.76061264
66.56451347
68.49265980
70.52084460
72.60291248
74.78794473
77.06888823
79.43831898
81.56322834
83.01290569
84.32550677
85.60838168
86.91765987
88.25076889
89.60541799
90.97933895
92.37024304
93.77582640
95.19377117
96.62174904
98.05742487
99.49847159
100.94257769
102.38744117
103.83076975
105.27030681
106.70386007
108.12928474
109.54448226
110.93164764
112.23562527
113.52519461
114.79855966
115.92258246
116.87601217
117.74486857
118.55929272
119.31941346
120.05306936
120.67699710
121.28478861
121.84621647
122.29840016
122.67813730
122.98107011
123.25228067
123.51113297
123.75759570
123.99167811
124.21340470
124.42280974
124.61804726
124.76932240
124.89557334
125.00312971
125.09209209
125.16260606
125.21208113
125.23797207
125.24064726
125.22056388
125.17826105
125.11435760
125.02954946
124.92460662
124.80036987
124.65774738
124.49771085
124.28208094
124.04063647
123.78649675
123.52077026
123.24459706
122.95910970
122.66546334
122.36484474
122.05846479
121.74755262
121.43209796
121.11319828
120.79146301
120.46796025
120.14401347
119.82093228
119.50000581
119.18235911
118.86805408
118.55830891
118.25430463
117.95717772
117.66801377
117.38784228
117.11680206
116.85460042
116.60208659
116.36009245
116.12938738
115.91067639
115.70459780
115.51172183
115.33255167
115.16752231
115.01699960
114.88127944
114.76058434
114.65506133
114.56478143
114.48973905
114.42984955
114.38492950
114.35470573
114.33881776
114.33681223
114.34813826
114.37215290
114.40812703
114.45492886
114.51143187
114.57670010
114.64974187
114.72951662
114.81480298
114.90448977
114.99744245
115.09249771
115.18847258
115.28417064
115.37838907
115.46144861
115.50322207
115.54104667
115.54984194
115.53602332
115.51661264
115.49292512
115.46387695
115.42635905
115.37956688
115.32313646
115.25680938
115.18037296
115.09365415
114.99651475
114.88884761
114.77085970
114.64275191
114.50449630
114.35608520
114.19753073
114.02886457
113.85013766
113.66141995
113.46280019
113.25438568
113.03630164
112.80681822
112.56425244
112.30851136
112.03993162
111.75891132
111.46590654
111.16142970
110.84604684
110.52037464
110.18507731
109.84086342
109.49362899
109.14492476
108.78978229
108.42912715
108.06380135
107.69478785
107.32316660
106.95001494
106.57642618
106.20351960
105.83234010
105.46330692
105.09746818
104.73583614
104.37939799
104.02912539
103.68597336
103.35087639
103.02474204
102.70844346
102.40281490
102.11552221
101.83791386
101.56651680
101.30772404
101.06210687
100.83019282
100.61245557
100.40714265
100.21608229
100.04004896
99.87927011
99.73390857
99.60406073
99.48975633
99.39095849
99.30503489
99.23390920
99.17752879
99.13560027
99.10777067
99.09362869
99.09270691
99.10448370
99.12838544
99.16378901
99.21002457
99.26637852
99.33209577
99.40638327
99.50673462
99.62257364
99.74419893
99.87072947
100.00127589
100.13493499
100.27077367
100.37480343
100.47723436
100.57948831
100.68087399
100.75951693
100.82662117
100.89196812
100.95512421
101.01571970
101.07342812
101.12795941
101.17905578
101.22648800
101.27005202
101.30956738
101.34487410
101.37583007
101.40230979
101.42420305
101.44141417
101.45386119
101.46147531
101.46420063
101.46199389
101.45482467
101.44267394
101.42553331
101.40340380
101.37629684
101.34423446
101.30724933
101.26539235
101.21778126
101.16413644
101.10391833
101.03670681
100.96273625
100.88227806
100.79563916
100.70316325
100.60523080
100.50225706
100.39468653
100.28298855
100.16765559
100.04920024
99.92815257
99.80505980
99.68048346
99.55499538
99.42917455
99.30359413
99.17879374
99.05531269
98.93366827
98.81434374
98.69781365
98.58455917
98.47506711
98.36982199
98.26929444
98.17394071
98.08420077
98.00049569
97.92322372
97.85275793
97.78944464
97.73360060
97.68551135
97.64543027
97.61357752
97.59013903
97.57526503
97.56906886
97.57162622
97.58297465
97.60311324
97.63200272
97.66956562
97.71347504
97.76082456
97.81634326
97.87980934
97.95097450
98.02955514
98.11523408
98.20766240
98.30483216
98.40749663
98.51569801
98.62897888
98.74686094
98.86884563
98.99441646
99.11651929
99.22452366
99.33433216
99.44549497
99.55761074
99.67028759
99.78313316
99.89575476
99.99632991
100.07900782
100.16061440
100.24086930
100.31954172
100.39642691
100.47134157
100.54412058
100.61461435
100.68268664
100.74821280
100.81107810
100.87117660
100.92841028
100.98268842
101.03392722
101.08204956
101.12698484
101.16866889
101.20704419
101.24205992
101.27367194
101.30184289
101.32654211
101.34774574
101.36543654
101.37960379
101.39024330
101.39735734
101.40095557
101.40105688
101.39769144
101.39090171
101.38074171
101.36727714
101.35007652
101.32903213
101.30426585
101.27591560
101.24413362
101.20882460
101.16986824
101.12748842
101.08192433
101.03343006
100.98227373
100.92873685
100.87311254
100.81570344
100.75681819
100.69675378
100.63579567
100.57422143
100.51227736
100.45020289
100.38822972
100.32658672
100.26550928
100.20523832
100.14601280
100.08806730
100.03163144
99.97692897
99.92417693
99.87358466
99.82535277
99.77967219
99.73672256
99.69667101
99.65967137
99.62586329
99.59537137
99.56830446
99.54475510
99.52479909
99.50849514
99.49588457
99.48699131
99.48182174
99.48036453
99.48259065
99.48845341
99.49788862
99.51081485
99.52713374
99.54673042
99.56167209
99.57713053
99.59497557
99.61506892
99.63728568
99.66149565
99.68755859
99.71532383
99.74463127
99.77531205
99.80718950
99.84008030
99.87379524
99.90813995
99.94291525
99.97617186
99.99988755
100.02350898
100.04690245
100.06994791
100.09253514
100.11456838
100.13596428
100.15664990
100.17656039
100.19563747
100.21382791
100.23108241
100.24735500
100.26260265
100.27678500
100.28986430
100.30180542
100.31257591
100.32214591
100.33048810
100.33757760
100.34339181
100.34791047
100.35111552
100.35299096
100.35352306
100.35270036
100.35051356
100.34695558
100.34202166
100.33570943
100.32801897
100.31895303
100.30851716
100.29671965
100.28357149
100.26908759
100.25328740
100.23619465
100.21783781
100.19824980
100.17746798
100.15553414
100.13249429
100.10839862
100.08330145
100.05726110
100.03033993
100.00260420
99.97410641
99.94472137
99.91454195
99.88366567
99.85219365
99.82022947
99.78787834
99.75524670
99.72243941
99.68955650
99.65669165
99.62393210
99.59134777
99.55899818
99.52693943
99.49522482
99.46390676
99.43303683
99.40266630
99.37284788
99.34363596
99.31508581
99.28725257
99.26018943
99.23394761
99.20857613
99.18412166
99.16062837
99.13813790
99.11668908
99.09631761
99.07705578
99.05893233
99.04197228
99.02619689
99.01162354
98.99826560
98.98760917
98.98398824
98.98154637
98.98027903
98.98017378
98.98121459
98.98338268
98.98665607
98.98965342
98.99170437
98.99460094
98.99831698
99.00282985
99.00811725
99.01396004
99.02042420
99.02758461
99.03541175
99.04387326
99.05293416
99.06255699
99.07270184
99.08332656
99.09438688
99.10583657
99.11762759
99.12971024
99.14203342
99.15454477
99.16719093
99.17991776
99.19267138
99.20540786
99.21808953
99.23068366
99.24316166
99.25549753
99.26766695
99.27964761
99.29141856
99.30295979
99.31425215
99.32527714
99.33601677
99.34645357
99.35657061
99.36635156
99.37578072
99.38484297
99.39352384
99.40180949
99.40968679
99.41714328
99.42416722
99.43074763
99.43687428
99.44253770
99.44772927
99.45244126
99.45666687
99.46040027
99.46363654
99.46637173
99.46860280
99.47032761
99.47154497
99.47225461
99.47245785
99.47215759
99.47135832
99.47006603
99.46828750
99.46603049
99.46330411
99.46011894
99.45648708
99.45242216
99.44793931
99.44305518
99.43778784
99.43215680
99.42618286
99.41988810
99.41329579
99.40643030
99.39931699
99.39198215
99.38445288
99.37675700
99.36892293
99.36097961
99.35295337
99.34486560
99.33673376
99.32857356
99.32039889
99.31222242
99.30405630
99.29591236
99.28780267
99.27973996
99.27173744
99.26380864
99.25596726
99.24822662
99.24059977
99.23309953
99.22573844
99.21852882
99.21148268
99.20461176
99.19792746
99.19144081
99.18516250
99.17910277
99.17327149
99.16767808
99.16233139
99.15723974
99.15241086
99.14785192
99.14356947
99.13956952
99.13585735
99.13243755
99.12931393
99.12648957
99.12396682
99.12174723
99.11983159
99.11821990
99.11691125
99.11590379
99.11519480
99.11478084
99.11465779
99.11482094
99.11526491
99.11598349
99.11696951
99.11821487
99.11971049
99.12144638
99.12341165
99.12559456
99.12798257
99.13056238
99.13331996
99.13624067
99.13930923
99.14250982
99.14582617
99.14924156
99.15273893
99.15630092
99.15990992
99.16354900
99.16720299
99.17085831
99.17450297
99.17812629
99.18171836
99.18526986
99.18877203
99.19221661
99.19559574
99.19890194
99.20212805
99.20526717
99.20831267
99.21125816
99.21409749
99.21682474
99.21943427
99.22192071
99.22427899
99.22650429
99.22859210
99.23053815
99.23233848
99.23398939
99.23548745
99.23682953
99.23801279
99.23903468
99.23989298
99.24058573
99.24111131
99.24146866
99.24165729
99.24167731
99.24152947
99.24121511
99.24073576
99.24009322
99.23928945
99.23832698
99.23720885
99.23593860
99.23452036
99.23295883
99.23125930
99.22942763
99.22747021
99.22539398
99.22320637
99.22091530
99.21852912
99.21605659
99.21350686
99.21088940
99.20821402
99.20549077
99.20272997
99.19994212
99.19713787
99.19432734
99.19151874
99.18871865
99.18593237
99.18316470
99.18041992
99.17770197
99.17501471
99.17236196
99.16974765
99.16717580
99.16465052
99.16217598
99.15975625
99.15739538
99.15509733
99.15286595
99.15070499
99.14861809
99.14660874
99.14468030
99.14283599
99.14107882
99.13941161
99.13783700
99.13635739
99.13497495
99.13369166
99.13250922
99.13142912
99.13045261
99.12958067
99.12881406
99.12815327
99.12759854
99.12714986
99.12680698
99.12656937
99.12643624
99.12640648
99.12647871
99.12665134
99.12692254
99.12729033
99.12775254
99.12830674
99.12895031
99.12968039
99.13049388
99.13138742
99.13235737
99.13339982
99.13451059
99.13568524
99.13691911
99.13820730
99.13954473
99.14092612
99.14234604
99.14379892
99.14527905
99.14678061
99.14829770
99.14982481
99.15135754
99.15289175
99.15442357
99.15594919
99.15746490
99.15896715
99.16045258
99.16191803
99.16336054
99.16477730
99.16616563
99.16752296
99.16884680
99.17013478
99.17138460
99.17259407
99.17376108
99.17488362
99.17595976
99.17698770
99.17796570
99.17889217
99.17976559
99.18058457
99.18134782
99.18205414
99.18270250
99.18329204
99.18382208
99.18429216
99.18470202
99.18505161
99.18534106
99.18557061
99.18574047
99.18585094
99.18590236
99.18589516
99.18582986
99.18570715
99.18552791
99.18529316
99.18500408
99.18466204
99.18426860
99.18382547
99.18333458
99.18279799
99.18221796
99.18159689
99.18093732
99.18024194
99.17951357
99.17875514
99.17796969
99.17716036
99.17633037
99.17548302
99.17462159
99.17374887
99.17286723
99.17197860
99.17108461
99.17018661
99.16928585
99.16838356
99.16748098
99.16657938
99.16568002
99.16478418
99.16389314
99.16300819
99.16213059
99.16126159
99.16040242
99.15955427
99.15871829
99.15789561
99.15708731
99.15629442
99.15551796
99.15475887
99.15401805
99.15329634
99.15259454
99.15191338
99.15125356
99.15061570
99.15000040
99.14940818
99.14883949
99.14829476
99.14777431
99.14727842
99.14680732
99.14655328
99.14637476
99.14621341
99.14606926
99.14594230
99.14583243
99.14573947
99.14566318
99.14560332
99.14555959
99.14553170
99.14551930
99.14552206
99.14553961
99.14557152
99.14561735
99.14567659
99.14574868
99.14583305
99.14592906
99.14603604
99.14615329
99.14628009
99.14641565
99.14655920
99.14670991
99.14686695
99.14702945
99.14719655
99.14736738
99.14754105
99.14771679
99.14789400
99.14807223
99.14825103
99.14842997
99.14860866
99.14878673
99.14896388
99.14913980
99.14931422
99.14948687
99.14965751
99.14982590
99.14999180
99.15015502
99.15031533
99.15047254
99.15062645
99.15077686
99.15092360
99.15106648
99.15120536
99.15134008
99.15147048
99.15159643
99.15171780
99.15183445
99.15194627
99.15205316
99.15215501
99.15225173
99.15234323
99.15242945
99.15251032
99.15258578
99.15265578
99.15272030
99.15277929
99.15283274
99.15288064
99.15292299
99.15295980
99.15299109
99.15301688
99.15303720
99.15305210
99.15306163
99.15306583
99.15306477
99.15305850
99.15304710
99.15303062
99.15300915
99.15298276
99.15295152
99.15291552
99.15287483
99.15282955
99.15277976
99.15272555
99.15266703
99.15260428
99.15253743
99.15246659
99.15239186
99.15231337
99.15223125
99.15214561
