50.00000000
54.27020926
54.33746772
54.54511717
54.88320037
55.37716245
56.02642112
56.83020064
57.78688734
58.89416257
60.14903839
61.54792468
63.08667757
64.76061264
66.56451347
68.49265980
70.52084460
72.60291248
74.78794473
77.06888823
79.43831898
81.56322834
83.01290569
84.32550677
85.60838168
86.91765987
88.25079809
89.60549295
90.97949481
92.37052917
93.77628935
95.19445625
96.62305581
98.05977901
99.50214955
100.94782187
102.39448302
103.83983362
105.28161549
106.71822649
108.14733945
109.56695166
110.95900298
112.26839551
113.56380078
114.84386058
115.96971764
116.91420597
117.78490231
118.60163123
119.36672488
120.10453351
120.73366768
121.34720357
121.87979362
122.33372097
122.71713940
123.01791392
123.29286967
123.55571539
123.80650105
124.04522736
124.27184041
124.48644171
124.68899678
124.84171519
124.97832542
125.10131477
125.20815346
125.29685837
125.36672050
125.41430751
125.43910225
125.44137359
125.42158016
125.38039629
125.31846175
125.23636695
125.13486858
124.98850756
124.79406534
124.58440861
124.36053781
124.12354374
123.87454968
123.61470267
123.34515227
123.06703714
122.78151049
122.48975481
122.19297429
121.89238892
121.58840259
121.28175777
120.97371492
120.66553044
120.35844946
120.05370010
119.75248787
119.45599001
119.16440377
118.87858053
118.59961016
118.32853510
118.06634775
117.81398475
117.57232250
117.34217349
117.12332524
116.91566140
116.71976227
116.53622969
116.36559946
116.20833945
116.06485158
115.93547138
115.82046755
115.72004161
115.63432722
115.56338581
115.50722561
115.46576219
115.43884473
115.42623859
115.42762221
115.44260214
115.47069827
115.51136155
115.56393810
115.62769350
115.70183567
115.78548702
115.87771205
115.97753300
116.08392015
116.19580363
116.31207946
116.43161670
116.55314498
116.67517943
116.79619735
116.91496701
116.99465922
117.06036547
117.10817723
117.12219523
117.13129256
117.13501327
117.13285848
117.12451412
117.10944445
117.07740138
117.02178212
116.96105903
116.89492228
116.82255635
116.74386672
116.65844578
116.56567817
116.46545066
116.35721587
116.24085876
116.11634281
115.98364960
115.84315730
115.69366033
115.53411144
115.36447628
115.18474716
114.99276966
114.78709899
114.56798541
114.33613108
114.09161593
113.83484862
113.56631776
113.28656943
112.99620073
112.69585631
112.38622555
112.06803944
111.74206332
111.40910374
111.07003506
110.72579237
110.37736704
110.02578773
109.67209602
109.31733194
108.96255548
108.61868426
108.27809793
107.94070657
107.60748295
107.27937041
106.95728335
106.64211435
106.33473240
106.03601741
105.74675225
105.46771469
105.19939382
104.93262415
104.67831951
104.43654482
104.20785228
103.99275941
103.79173217
103.60517911
103.43344888
103.27682641
103.13553105
103.00971505
102.89946289
102.80479119
102.72575716
102.66215920
102.61380524
102.58044321
102.56175917
102.55737766
102.56713137
102.59031739
102.62636464
102.67491622
102.73508336
102.80601316
102.88696268
102.97715315
103.07576955
103.18196381
103.29485922
103.41355410
103.53712543
103.66465049
103.79516732
103.92769584
104.04014669
104.13903361
104.23741640
104.33453040
104.40447681
104.46601694
104.52506804
104.58114746
104.63398308
104.68313425
104.72849705
104.76964092
104.80666631
104.83920536
104.86693186
104.88963872
104.90715408
104.91933020
104.92603867
104.92717036
104.92263271
104.91234864
104.89625599
104.87175730
104.84232945
104.80871501
104.76940128
104.72456332
104.67392348
104.61781230
104.55616573
104.48884878
104.41482554
104.33394817
104.24523243
104.14904904
104.04540092
103.93454676
103.81680418
103.69253132
103.56212219
103.42622044
103.28515407
103.13939965
102.98966825
102.83638776
102.68011864
102.52146076
102.36102937
102.19944976
102.03735830
101.87541231
101.71427540
101.55460144
101.39698727
101.26355566
101.13869349
101.01723207
100.89966932
100.78654653
100.67828386
100.57532366
100.47808711
100.38697427
100.30236145
100.22459908
100.15401091
100.09095559
100.03571100
99.98846898
99.94657790
99.90889319
99.87966874
99.85900235
99.84699898
99.84365925
99.84897243
99.86289131
99.88533052
99.91616625
99.95523675
100.00234309
100.05725015
100.11968782
100.18941250
100.26603936
100.34919741
100.43582430
100.52773625
100.62478711
100.72650826
100.83241068
100.94198722
101.05471472
101.14998833
101.24408004
101.33959248
101.43612296
101.53240283
101.62782910
101.72312665
101.79797422
101.87124121
101.94364400
102.01493444
102.08489686
102.15334010
102.22009350
102.28500401
102.34793274
102.40875259
102.46734663
102.52370039
102.57764710
102.62908028
102.67790536
102.72403642
102.76739497
102.80790931
102.84551406
102.88014994
102.91176368
102.94030794
102.96574126
102.98802797
103.00721266
103.02322376
103.03603831
103.04563959
103.05201926
103.05517599
103.05511562
103.05185147
103.04545339
103.03598717
103.02346605
103.00794612
102.98937568
102.96725390
102.94169149
102.91281629
102.88077114
102.84561664
102.80706155
102.76531945
102.72061946
102.67320486
102.62333228
102.57127073
102.51729984
102.46170923
102.40479734
102.34686536
102.28820122
102.22907968
102.16976761
102.11050200
102.05151325
101.99302389
101.93525879
101.87844740
101.82282168
101.76861294
101.71604587
101.66533819
101.61670046
101.57035014
101.52647003
101.48524384
101.44684533
101.41144984
101.37919503
101.35024181
101.32468812
101.30269077
101.28429850
101.26957736
101.25858117
101.25134775
101.24789803
101.24823561
101.25234658
101.26019948
101.27174537
101.28691797
101.30563395
101.32779330
101.35327967
101.37242453
101.39411222
101.41825234
101.44476652
101.47349945
101.50434639
101.53714152
101.57173093
101.60795357
101.64564012
101.68461383
101.72469126
101.76569764
101.80742716
101.84798234
101.87932045
101.91079560
101.94226739
101.97361441
102.00472294
102.03548711
102.06581267
102.09561754
102.12482931
102.15338302
102.18121928
102.20828327
102.23452395
102.25989334
102.28434613
102.30783943
102.33033263
102.35182630
102.37225714
102.39158419
102.40977025
102.42678146
102.44258680
102.45715791
102.47050541
102.48258313
102.49336622
102.50283319
102.51096628
102.51775077
102.52317470
102.52722871
102.52990600
102.53120179
102.53111348
102.52964076
102.52678589
102.52257868
102.51701107
102.51009397
102.50184267
102.49227672
102.48144331
102.46935711
102.45605011
102.44155921
102.42592578
102.40919569
102.39141912
102.37265056
102.35294866
102.33237589
102.31102078
102.28894561
102.26622060
102.24279458
102.21871112
102.19406636
102.16895933
102.14348942
102.11775259
102.09183910
102.06582940
102.03978775
102.01377022
101.98782909
101.96201347
101.93637110
101.91094958
101.88581756
101.86101623
101.83659063
101.81258982
101.78906414
101.76608318
101.74368327
101.72190868
101.70080299
101.68040869
101.66076656
101.64191522
101.62389090
101.60672725
101.59047625
101.57515088
101.56077310
101.54736307
101.53493809
101.52352054
101.51311458
101.50374731
101.49540766
101.48794881
101.47932975
101.47155183
101.46460709
101.45849056
101.45319865
101.44872821
101.44507506
101.44223277
101.44019285
101.43894462
101.43847532
101.43876951
101.43980852
101.44157042
101.44404578
101.44719765
101.45099460
101.45540264
101.46038502
101.46590241
101.47191303
101.47837282
101.48523562
101.49245339
101.49997641
101.50775335
101.51573146
101.52385775
101.53208663
101.54037670
101.54869047
101.55699336
101.56525341
101.57344088
101.58152720
101.58948506
101.59728915
101.60491586
101.61234304
101.61956088
101.62654346
101.63326941
101.63971951
101.64587590
101.65172180
101.65724132
101.66241941
101.66724176
101.67169491
101.67576617
101.67944367
101.68271633
101.68557389
101.68800690
101.69000671
101.69156549
101.69267617
101.69333252
101.69352913
101.69326146
101.69252598
101.69132009
101.68964212
101.68749135
101.68487873
101.68179803
101.67825115
101.67424205
101.66978415
101.66487684
101.65952737
101.65374489
101.64754008
101.64092516
101.63391389
101.62652153
101.61876487
101.61066214
101.60223299
101.59349836
101.58448047
101.57520269
101.56568949
101.55596631
101.54606835
101.53602039
101.52585002
101.51559351
101.50527851
101.49493368
101.48458580
101.47426003
101.46398013
101.45376629
101.44363350
101.43359328
101.42365554
101.41382945
101.40412363
101.39454680
101.38510761
101.37581441
101.36668277
101.35771685
101.34892419
101.34031343
101.33189377
101.32367463
101.31566547
101.30787566
101.30031437
101.29299047
101.28591251
101.27908864
101.27252656
101.26623952
101.26023657
101.25451969
101.24909379
101.24396365
101.23913357
101.23460723
101.23038766
101.22647715
101.22287733
101.21959383
101.21662336
101.21396470
101.21161603
101.20957463
101.20783702
101.20639908
101.20525608
101.20440264
101.20383244
101.20354369
101.20353018
101.20377871
101.20428392
101.20503120
101.20600788
101.20720084
101.20859622
101.21017951
101.21193549
101.21385225
101.21591156
101.21809609
101.22038811
101.22276968
101.22522379
101.22773416
101.23028516
101.23286192
101.23545013
101.23803636
101.24060770
101.24315183
101.24565694
101.24811190
101.25050635
101.25283097
101.25508310
101.25725760
101.25934285
101.26133018
101.26321214
101.26498191
101.26663313
101.26815987
101.26955654
101.27082393
101.27195339
101.27293940
101.27377723
101.27446262
101.27499174
101.27536111
101.27556765
101.27560865
101.27548173
101.27518489
101.27471648
101.27407519
101.27326004
101.27227040
101.27110599
101.26977147
101.26826480
101.26658711
101.26474037
101.26272690
101.26054933
101.25821056
101.25571392
101.25306330
101.25026312
101.24731838
101.24408492
101.24047087
101.23673107
101.23287275
101.22890374
101.22483225
101.22066695
101.21641690
101.21209155
101.20770068
101.20325438
101.19876303
101.19423720
101.18968767
101.18512538
101.18056121
101.17600557
101.17146826
101.16696145
101.16249398
101.15807239
101.15370164
101.14938565
101.14512771
101.14093070
101.13679724
101.13272998
101.12873451
101.12481239
101.12096595
101.11719751
101.11350946
101.10990423
101.10638451
101.10295314
101.09961307
101.09636722
101.09321837
101.09016917
101.08722203
101.08437919
101.08164262
101.07901411
101.07649517
101.07408711
101.07179096
101.06960755
101.06753742
101.06558092
101.06373813
101.06200885
101.06039261
101.05888866
101.05749593
101.05621309
101.05503861
101.05397073
101.05300753
101.05214689
101.05138654
101.05072397
101.05015637
101.04968064
101.04929334
101.04899076
101.04876888
101.04862340
101.04854977
101.04854319
101.04859864
101.04871088
101.04887461
101.04908477
101.04933648
101.04962606
101.04994855
101.05029888
101.05067190
101.05106245
101.05146660
101.05187985
101.05229737
101.05271475
101.05312786
101.05353290
101.05392627
101.05430463
101.05466483
101.05500390
101.05531906
101.05560772
101.05586755
101.05609636
101.05629212
101.05645293
101.05657702
101.05666500
101.05671408
101.05672245
101.05668855
101.05661099
101.05648849
101.05631987
101.05610406
101.05584010
101.05552712
101.05516436
101.05475116
101.05428697
101.05377132
101.05320390
101.05258461
101.05191351
101.05119086
101.05041713
101.04959297
101.04871916
101.04779649
101.04682727
101.04581141
101.04474972
101.04364314
101.04249277
101.04129987
101.04006584
101.03879229
101.03748095
101.03613373
101.03475269
101.03334004
101.03189812
101.03042943
101.02893655
101.02742222
101.02588925
101.02434057
101.02277917
101.02120812
101.01963206
101.01805395
101.01647696
101.01490409
101.01333821
101.01178202
101.01023804
101.00870860
101.00719588
101.00570203
101.00422912
101.00277910
101.00135369
100.99995423
100.99858184
100.99723924
100.99592683
100.99464485
100.99339363
100.99217492
100.99098907
100.98983608
100.98871616
100.98762959
100.98657669
100.98555782
100.98457327
100.98362325
100.98270787
100.98182714
100.98098095
100.98016910
100.97939131
100.97864725
100.97793652
100.97725875
100.97661353
100.97600043
100.97541902
100.97486885
100.97434947
100.97386086
100.97340296
100.97297521
100.97257697
100.97220764
100.97186663
100.97155334
100.97126719
100.97100757
100.97077385
100.97056537
100.97038143
100.97022123
100.97008386
100.96996834
100.96987366
100.96979870
100.96974263
100.96970442
100.96968270
100.96967615
100.96968337
100.96970299
100.96973364
100.96977398
100.96982270
100.96987851
100.96994015
100.97000637
100.97007639
100.97014920
100.97022357
100.97029836
100.97037247
100.97044569
100.97051710
100.97058656
100.97065406
100.97071858
100.97077905
100.97083460
100.97088448
100.97092800
100.97096459
100.97099372
100.97101490
100.97102772
100.97103177
100.97102674
100.97101234
100.97098832
100.97095445
100.97091053
100.97085637
100.97079183
100.97071675
100.97063102
100.97053454
100.97042721
100.97030899
100.97017985
100.97003983
100.96988901
100.96972749
100.96955609
100.96937483
100.96918389
100.96898351
100.96877398
100.96855559
100.96832906
100.96809442
100.96785183
100.96760144
100.96734343
100.96707801
100.96680541
100.96652584
100.96623956
100.96594681
100.96564786
100.96534298
100.96503249
100.96471671
100.96439669
100.96407272
100.96374513
100.96341430
100.96308061
100.96274450
