50.00000000
54.27020926
54.33746772
54.54132765
54.86365307
55.32809431
55.93291665
56.67471370
57.55132364
58.55885754
59.69384908
60.95294154
62.33003493
63.81957552
65.41628557
67.11578930
68.90187557
70.71233465
72.60130727
74.56480137
76.59565055
78.61438345
80.14999983
81.46147447
82.62237367
83.70809618
84.80848441
85.92056977
87.04346597
88.17270062
89.30563171
90.43899452
91.57338549
92.70792713
93.84038178
94.96771153
96.08584707
97.19435437
98.29026815
99.37424764
100.44513802
101.50185641
102.54211619
103.49711587
104.40898738
105.30110776
106.17181109
107.02104232
107.84031360
108.53101784
109.19713164
109.83700185
110.38758151
110.88160525
111.33788177
111.72535552
112.01204588
112.32620280
112.62700495
112.90725791
113.16552457
113.39973946
113.60943748
113.79482098
113.95558609
114.09110677
114.13942800
114.11340540
114.06597822
113.99760256
113.89457871
113.76430624
113.61768342
113.45411151
113.27410737
113.07878886
112.86937913
112.64552824
112.40720636
112.15494117
111.90653466
111.68937042
111.46106147
111.22315270
110.97396915
110.71451486
110.44479278
110.16450686
109.87396721
109.57217512
109.26003146
108.93714240
108.60451008
108.26257828
107.90931940
107.54352573
107.16599836
106.77699445
106.38778918
106.03585198
105.67349790
105.30126659
104.91963879
104.52909489
104.12954600
103.72114318
103.30425845
102.87848251
102.44322288
101.99903015
101.58417793
101.19662391
100.82917936
100.45424294
100.07194430
99.68254026
99.28580670
98.88170821
98.47092816
98.10828763
97.78032757
97.46973317
97.15476053
96.83578092
96.51340419
96.18762096
95.85728420
95.52254017
95.18366441
94.84053313
94.49812825
94.15290058
93.80284039
93.44782260
93.08801712
92.72314727
92.35351421
91.97916554
91.59945830
91.21468546
90.82489084
90.43154883
90.03561741
89.63773903
89.23850736
88.83858474
88.43861001
88.03944489
87.65380632
87.28334972
86.91626936
86.55312850
86.21748849
85.89943961
85.59578776
85.29722868
85.00413567
84.71703044
84.43621379
84.16356321
83.91177315
83.66645483
83.42760983
83.19532151
82.96984213
82.75104231
82.53904824
82.33386025
82.13565232
81.99109862
81.86936656
81.75415697
81.64500968
81.54190710
81.43320775
81.33003094
81.23158490
81.13734995
81.04714056
80.96064366
80.87751087
80.79759634
80.72060512
80.64613006
80.57403232
80.50398186
80.43567758
80.36903940
80.30369762
80.23089972
80.15739142
80.08473874
80.01279061
79.94138350
79.87034665
79.79948108
79.72872589
79.65786917
79.58674153
79.51534909
79.44346999
79.37108147
79.29813267
79.22444068
79.15010293
79.07506918
78.99923856
78.92254485
78.84495354
78.76556171
78.67505901
78.58349237
78.49081480
78.39689874
78.30148684
78.20455777
78.10620626
78.00611198
77.90412022
77.80022786
77.69416296
77.58595404
77.47574767
77.36357771
77.24934070
77.13323786
77.01532870
76.89551802
76.77374536
76.65005061
76.52420845
76.39623629
76.26600987
76.13340845
75.99846871
75.86161189
75.72867534
75.59367453
75.45683055
75.31811608
75.17767676
75.03566186
74.89218259
74.74721479
74.60065803
74.45262809
74.30327617
74.15255833
74.00065962
73.84741098
73.69306794
73.54860555
73.40580995
73.28779739
73.17963309
73.07295252
72.97128943
72.86899890
72.76599508
72.66224905
72.56198638
72.46496454
72.36724576
72.26886125
72.18082559
72.09529245
72.00918197
71.92252417
71.83533531
71.74754638
71.65912728
71.57005852
71.48028912
71.38984591
71.29873266
71.20682643
71.11391645
71.01974700
70.92425156
70.82742858
70.73362315
70.64944033
70.56408362
70.47751766
70.38967535
70.30010795
70.20869504
70.11538803
70.02017450
69.92301098
69.82382942
69.72260541
69.61927748
69.51375962
69.40600390
69.30997742
69.21628330
69.12045157
69.04632422
68.97500910
68.90131789
68.82522467
68.74673772
68.66587049
68.58263590
68.49707631
68.40925611
68.31924996
68.22712464
68.13284297
68.06082703
67.99229420
67.92176190
67.84929485
67.77467037
67.69782091
67.61881334
67.53769893
67.45453604
67.36935525
67.28212147
67.19195316
67.09865672
67.00230258
66.90289869
66.80046064
66.69501438
66.58656952
66.47489972
66.35990689
66.24162629
66.12006853
65.99524993
65.86721603
65.73596543
65.60155621
65.46402924
65.32344579
65.18169538
65.04661496
64.90867052
64.76777639
64.62394289
64.47716709
64.33192098
64.18891829
64.04301432
63.89421790
63.74256533
63.58806798
63.43074311
63.27067057
63.10786836
62.94237956
62.77427125
62.60361006
62.43046806
62.25491455
62.07701837
61.89685045
61.71451841
61.56642572
61.42450735
61.29435336
61.16780630
61.04020604
60.91157409
60.78194557
60.65135743
60.51986074
60.38748939
60.25428414
60.12030904
59.98564653
59.85034663
59.71442281
59.57788292
59.44072134
59.32121827
59.21141569
59.10703815
59.00218843
58.89683790
58.79094613
58.68445795
58.59685948
58.51042813
58.42332608
58.33549755
58.24687782
58.15740540
58.06701722
57.97566130
57.88328490
57.78984431
57.69530588
57.59963712
57.50279987
57.40475382
57.30546544
57.20478022
57.10257858
57.00514598
56.92588025
56.84521873
56.76312875
56.67954555
56.59441371
56.50768134
56.41931513
56.32928741
56.23758479
56.14419555
56.04912321
55.95235558
55.85388606
55.75371226
55.65183568
55.54826908
55.44302462
55.35890294
55.28715102
55.21411199
55.13979088
55.06417739
54.98727091
54.90908060
54.83524169
54.77807186
54.71995907
54.66091263
54.60285307
54.55966604
54.51603395
54.47197135
54.42748922
54.38260184
54.33731787
54.29164532
54.24559689
54.19918369
54.15241428
54.10530047
54.05785033
54.01007166
53.96197374
53.91356497
53.86485650
53.81585646
53.77065682
53.73612298
53.70062453
53.66847254
53.64870907
53.62805787
53.60650350
53.58402225
53.56058738
53.53617249
53.51075306
53.48430455
53.45605221
53.42596011
53.39401066
53.36019151
53.32449498
53.28683700
53.24713517
53.20538616
53.16159062
53.11575284
53.06788068
53.01798597
52.96608229
52.91218535
52.85631367
52.79848873
52.73873393
52.67707549
52.61354361
52.54817218
52.48554936
52.43904583
52.39129454
52.34231506
52.29210605
52.24066407
52.18798650
52.13407281
52.07892510
52.02254836
51.96495011
51.90613977
51.84612842
51.78493047
51.72256232
51.65904270
51.59439069
51.52862546
51.47899332
51.43371405
51.38784362
51.34139832
51.29439365
51.24684540
51.19877032
51.15018423
51.10110285
51.05154170
51.00151561
50.95103904
50.90012783
50.84879698
50.79706103
50.74493333
50.69242465
50.63954791
50.58631376
50.53273251
50.47881292
50.42456356
50.36998988
50.31509714
50.25988910
50.20436908
50.14854174
50.09241148
50.03598192
49.97925554
49.92223431
49.86492149
49.80731962
49.75508010
49.70621822
49.65712945
49.60780513
49.55822894
49.50838556
49.45824697
49.40757339
49.35635194
49.30457076
49.25221938
49.19928905
49.14577151
49.09166018
49.03694915
48.98163177
48.92570406
48.86916428
48.81200975
48.75423994
48.69585502
48.63685510
48.57724112
48.51701418
48.45617673
48.39473190
48.33268408
48.27003756
48.20852105
48.15173029
48.09426092
48.03612307
47.97732597
47.91787815
47.85778647
47.79705931
47.73570377
47.67372681
47.61113647
47.54793946
47.48414312
47.41975543
47.35478590
47.28924415
47.22314061
47.15648473
47.08928501
47.02155084
46.95329291
46.88452219
46.81524925
46.74548546
46.67524106
46.60452618
46.53335277
46.46173173
46.38967460
46.31719326
46.24430108
46.17101166
46.12156542
46.08614841
46.05052766
46.01471468
45.97872123
45.94255633
45.90622588
45.86973315
45.83308008
45.79626681
45.75929253
45.72215521
45.68485260
45.64738150
45.60973875
45.57192093
45.53369950
45.49489482
45.45549242
45.41547872
45.37484079
45.33356656
45.29164446
45.24906328
45.21301090
45.18076014
45.14790651
45.11443259
45.08031254
45.04551959
45.01002844
44.97381619
44.93686189
44.89888479
44.88253509
44.87255973
44.86161317
44.84914050
44.83513839
44.81961145
44.80256784
44.78401878
44.76385856
44.74171475
44.71760755
44.69156212
44.66360794
44.63377841
44.60211045
44.56864421
44.53342277
44.49649177
44.45789841
44.41769181
44.37592262
44.33264328
44.28790712
44.24176865
44.19428300
44.14550677
44.09549784
44.04431495
43.99201619
43.93865928
43.88430231
43.82900294
43.77301140
43.72901004
43.68443052
43.63931551
43.59369674
43.54759999
43.50104714
43.45405733
43.40664814
43.36659799
43.33009265
43.29336402
43.25640876
43.21921713
43.18178083
43.14409321
43.10614968
43.06794682
43.02948239
42.99075471
42.95176272
42.91250577
42.87298329
42.83319555
42.79314298
42.75282631
42.71224667
42.67140523
42.63030373
42.58894440
42.54732940
42.50546067
42.46334035
42.42097076
42.37835429
42.33549337
42.29239035
42.24904758
42.20546760
42.16165299
42.12042192
42.09945336
42.07833569
42.05706888
42.03563710
42.01402463
41.99221653
41.97019897
41.94795916
41.92548553
41.90276754
41.87979544
41.85656026
41.83296209
41.80880416
41.78407202
41.75875286
41.73283491
41.70630740
41.67916038
41.67030845
41.66780964
41.66498938
41.66182975
41.65831305
41.65442432
41.65014948
41.64547495
41.64038752
41.63487432
41.62892289
41.62252111
41.61565724
41.60831997
41.60015471
41.59061834
41.57967956
41.56731215
41.55349503
41.53821216
41.52145225
41.50320874
41.48347957
41.46226703
41.43957755
41.41542165
41.38981364
41.36277154
41.33431687
41.30447452
41.27327253
41.24074193
41.20691645
41.17183232
41.13552811
41.09804459
41.05942452
41.01971234
40.97895407
40.93719706
40.89448987
40.86538201
40.84270968
40.81961654
40.79611309
40.77219561
40.74785950
40.72310055
40.69791550
40.67230215
40.64625943
40.61978732
40.59288680
40.56555979
40.53780909
40.50963836
40.48105204
40.45205533
40.42265421
40.39285535
40.36266610
40.33209445
40.30114902
40.26983895
40.23817391
40.20616406
40.17381995
40.14115251
40.10817299
40.07489290
40.04132394
40.00747794
39.97336686
39.93900270
39.90439752
39.86956335
39.83451220
39.79925600
39.76380658
39.72817564
39.69237468
39.65641505
39.62030791
39.58406416
39.54769447
39.51120919
39.47461843
39.43793196
39.40115927
39.36430950
39.32739145
39.29041358
39.25338405
39.21631069
39.17920110
39.14206255
39.10490205
39.06772633
39.03054187
38.99335489
38.95617136
38.91899696
38.88183711
38.84469694
38.80758122
38.77049435
38.73344041
38.69642312
38.65944587
38.62251173
38.58562343
38.54878338
38.51199368
38.47525611
38.43857220
38.40194325
38.37735849
38.37735849
38.37735849
38.37735849
38.37735849
38.37735849
38.37735849
38.37735849
38.37735849
38.37735849
38.37735849
38.37735849
38.37735849
38.37735849
38.37735849
38.37735849
38.37735849
38.37735849
38.37735849
38.37735849
38.37735849
38.37735849
38.37735849
38.37735849
38.37735849
38.37735849
38.37735849
38.37735849
38.37735849
38.37735849
38.37735849
38.37735849
38.37735849
38.37735849
38.37735849
38.37735849
38.37735849
38.37735849
38.37735849
38.37735849
38.37735849
38.37735849
38.37735849
38.37735849
38.37735849
38.37735849
38.37735849
38.37735849
38.37735849
38.37735849
38.37735849
38.37735849
38.37735849
38.37735849
38.37735849
38.37735849
38.37735849
38.37735849
38.37735849
38.37735849
38.37735849
38.37735849
38.37735849
38.37735849
38.37735849
38.37735849
38.37735849
38.37735849
38.37735849
38.37735849
38.37735849
38.37735849
38.37735849
38.37735849
38.37735849
38.37735849
38.37735849
38.37735849
38.37735849
38.37735849
38.37735849
38.37735849
38.37735849
38.37735849
38.37735849
38.37735849
38.37735849
38.37735849
38.37735849
38.37735849
38.37735849
38.37735849
38.37735849
38.37735849
38.37735849
38.37735849
38.37735849
38.37735849
38.37735849
38.37735849
38.37735849
38.37735849
38.37735849
38.37735849
38.37735849
38.37735849
38.37735849
38.37735849
38.37735849
38.37735849
38.37735849
38.37735849
38.37735849
38.37735849
38.37735849
38.37735849
38.37735849
38.37735849
38.37735849
38.37735849
38.37735849
38.37735849
38.37735849
38.37735849
38.37735849
38.37735849
38.37735849
38.37735849
38.37735849
38.37735849
38.37735849
38.37735849
38.37735849
38.37735849
38.37735849
38.37735849
38.37735849
38.37735849
38.37735849
38.37735849
38.37735849
38.37735849
38.37735849
38.37735849
38.37735849
38.37735849
38.37735849
38.37735849
38.37735849
38.37735849
38.37735849
38.37735849
38.37735849
38.37735849
38.37735849
38.37735849
38.37735849
38.37735849
38.37735849
38.37735849
38.37735849
38.37735849
38.37735849
38.37735849
38.37735849
38.37735849
