1.34221958
3.11504657
1.07487605
1.64752183
1.54063966
2.19038483
0.02310201
1.90639393
0.19185341
1.90049329
2.18790270
2.35977849
2.08858372
1.68564396
0.65433767
1.34040922
2.85895279
1.34251023
2.01578794
2.83741110
2.00826830
0.87421491
2.27932955
4.62340954
2.34421069
0.72474394
1.08921551
0.66224079
1.43967712
1.39304982
2.74566986
2.40989051
2.51350213
0.69292202
0.89140469
2.58116798
3.27215605
1.41790022
1.03413788
1.62181844
2.26056184
1.85170115
1.67938998
2.07996675
1.76479165
2.13065256
3.02944685
1.43653813
0.97264958
0.80575293
1.62889706
0.29414577
1.37237326
1.83012092
1.94278049
3.07469548
2.57926893
0.56104972
0.24488675
0.54324968
0.78953567
2.24266858
1.76717600
2.16954658
1.08166435
2.23040567
0.15356285
1.68039873
2.81181242
0.80858534
0.76243985
2.47043353
2.33537156
1.70805810
2.35008265
2.76343993
0.26297318
2.25461956
1.87749245
0.51020972
1.06463706
0.93165469
2.99198060
1.70828350
1.14289554
2.26252222
1.80924025
1.26829148
2.78394600
0.22836119
0.04569776
2.69647796
1.11578027
1.22440810
0.93103184
2.04637956
2.42953602
2.29277693
2.82312180
1.80743223
