30.00000000
30.00000000
30.00000000
300.00000000
300.00000000
30.00000000
100.00000000
30.00000000
30.00000000
300.00000000
350.00000000
30.00000000
30.00000000
100.00000000
30.00000000
100.00000000
30.00000000
30.00000000
100.00000000
250.00000000
250.00000000
100.00000000
100.00000000
200.00000000
200.00000000
100.00000000
420.00000000
420.00000000
300.00000000
80.00000000
30.00000000
30.00000000
20.00000000
100.00000000
100.00000000
300.00000000
100.00000000
30.00000000
300.00000000
200.00000000
20.00000000
50.00000000
300.00000000
300.00000000
300.00000000
20.00000000
100.00000000
100.00000000
20.00000000
50.00000000
100.00000000
100.00000000
100.00000000
50.00000000
