31.67000000
31.67000000
31.67000000
6.78000000
6.78000000
31.67000000
10.15000000
31.67000000
31.67000000
6.78000000
32.96000000
31.67000000
31.67000000
10.15000000
31.67000000
10.15000000
31.67000000
31.67000000
10.15000000
28.00000000
28.00000000
10.15000000
10.15000000
39.00000000
39.00000000
10.15000000
64.16000000
64.16000000
6.78000000
74.33000000
31.67000000
31.67000000
17.95000000
10.15000000
10.15000000
6.78000000
10.15000000
31.67000000
32.96000000
6.78000000
17.95000000
58.81000000
6.78000000
6.78000000
6.78000000
17.95000000
10.15000000
10.15000000
17.95000000
58.81000000
10.15000000
10.15000000
10.15000000
58.81000000
