0.06966300
0.06966300
0.06966300
0.01087500
0.01087500
0.06966300
0.01280000
0.06966300
0.06966300
0.01087500
0.00300000
0.06966300
0.06966300
0.01280000
0.06966300
0.01280000
0.06966300
0.06966300
0.01280000
0.00240100
0.00240100
0.01280000
0.01280000
0.00440000
0.00440000
0.01280000
0.01059000
0.01059000
0.01087500
0.04592300
0.06966300
0.06966300
0.02830200
0.01280000
0.01280000
0.01087500
0.01280000
0.06966300
0.00300000
0.01087500
0.02830200
0.00977400
0.01087500
0.01087500
0.01087500
0.02830200
0.01280000
0.01280000
0.02830200
0.00977400
0.01280000
0.01280000
0.01280000
0.00977400
