4.00000000
6.00000000
8.00000000
10.00000000
12.00000000
15.00000000
18.00000000
19.00000000
24.00000000
25.00000000
26.00000000
27.00000000
31.00000000
32.00000000
34.00000000
36.00000000
40.00000000
42.00000000
46.00000000
49.00000000
54.00000000
55.00000000
56.00000000
59.00000000
61.00000000
62.00000000
65.00000000
66.00000000
69.00000000
70.00000000
72.00000000
73.00000000
74.00000000
76.00000000
77.00000000
80.00000000
82.00000000
85.00000000
87.00000000
89.00000000
90.00000000
91.00000000
92.00000000
99.00000000
100.00000000
103.00000000
104.00000000
105.00000000
107.00000000
110.00000000
111.00000000
112.00000000
113.00000000
116.00000000
