26.24380000
26.24380000
26.24380000
12.88750000
12.88750000
26.24380000
17.82000000
26.24380000
26.24380000
12.88750000
10.76000000
26.24380000
26.24380000
17.82000000
26.24380000
17.82000000
26.24380000
26.24380000
17.82000000
12.32990000
12.32990000
17.82000000
17.82000000
13.29000000
13.29000000
17.82000000
8.33910000
8.33910000
12.88750000
15.47080000
26.24380000
26.24380000
37.69680000
17.82000000
17.82000000
12.88750000
17.82000000
26.24380000
10.76000000
12.88750000
37.69680000
22.94230000
12.88750000
12.88750000
12.88750000
37.69680000
17.82000000
17.82000000
37.69680000
22.94230000
17.82000000
17.82000000
17.82000000
22.94230000
