5.00000000
5.00000000
5.00000000
150.00000000
100.00000000
10.00000000
25.00000000
5.00000000
5.00000000
100.00000000
100.00000000
8.00000000
8.00000000
25.00000000
8.00000000
25.00000000
8.00000000
8.00000000
25.00000000
50.00000000
50.00000000
25.00000000
25.00000000
50.00000000
50.00000000
25.00000000
100.00000000
100.00000000
80.00000000
30.00000000
10.00000000
5.00000000
5.00000000
25.00000000
25.00000000
150.00000000
25.00000000
10.00000000
100.00000000
50.00000000
8.00000000
20.00000000
100.00000000
100.00000000
100.00000000
8.00000000
25.00000000
25.00000000
8.00000000
25.00000000
25.00000000
25.00000000
25.00000000
25.00000000
